104 
836 852 143 41 157 9 347 755 22 64 703 564 560 316 226 454 662 552 749 830 
603 123 658 943 838 614 666 926 506 322 607 562 890 427 48 555 993 635 659 324 
912 148 44 437 825 150 92 457 920 1 365 409 730 360 97 987 629 554 643 547 
895 62 925 195 874 962 952 170 924 480 362 879 702 654 674 609 834 704 207 101 
23 340 702 258 978 866 890 84 242 494 390 955 917 860 998 903 489 374 84 562 
842 228 694 282 42 369 508 506 72 215 7 565 375 958 221 390 990 966 274 158 
600 302 816 75 250 328 230 465 730 3 519 671 423 372 482 153 891 386 383 838 
100 501 161 941 258 859 262 537 924 990 651 942 283 221 708 854 200 694 570 237 
825 165 838 533 430 651 617 271 490 757 694 919 741 56 943 74 910 774 788 351 
358 600 722 511 840 553 423 266 52 402 460 656 827 159 652 496 116 701 353 824 
933 774 350 906 93 323 670 232 974 588 619 916 993 463 291 934 954 979 741 570 
874 888 266 765 106 798 574 996 541 214 429 977 263 272 818 739 826 657 235 841 
607 305 608 771 697 823 226 150 221 962 729 401 909 469 670 848 453 629 183 533 
285 970 673 565 340 40 23 582 478 369 400 60 556 568 895 66 393 316 804 483 
205 664 776 717 83 459 493 862 829 145 436 798 79 365 432 593 177 305 672 439 
29 956 962 458 761 726 995 644 839 99 387 738 455 114 557 784 846 408 76 138 
920 630 0 893 536 700 720 800 273 792 154 506 429 207 558 729 706 855 193 836 
757 151 844 758 558 547 484 808 435 503 133 353 40 287 584 620 740 258 764 606 
312 337 976 347 680 311 630 269 52 918 540 263 48 595 876 628 750 520 371 711 
358 501 646 542 356 769 640 648 639 794 48 664 266 831 719 918 947 823 624 888 
369 240 976 858 819 565 741 855 564 21 755 850 810 476 641 734 589 224 483 454 
949 930 704 673 324 319 939 950 274 835 703 481 104 465 947 951 620 768 421 619 
731 237 859 237 564 745 828 92 41 744 789 240 209 894 432 918 649 293 879 649 
913 575 806 33 394 124 246 67 365 673 230 413 127 733 844 44 81 609 122 268 
563 92 619 531 0 760 676 178 781 860 79 873 211 983 51 894 365 102 664 778 
819 450 294 856 916 689 893 915 146 855 318 619 431 72 353 443 14 213 848 138 
869 281 608 619 222 479 536 924 628 2 739 488 786 56 103 385 143 916 623 205 
742 663 14 924 474 586 970 980 879 874 920 576 891 376 318 651 572 60 371 5 
603 653 187 113 950 792 359 227 819 571 937 792 727 637 261 675 207 620 130 953 
542 130 544 227 254 540 244 6 482 584 991 448 407 627 277 632 442 517 64 658 
404 290 669 343 811 757 286 165 114 171 599 336 817 313 892 188 423 450 271 534 
971 337 104 94 554 952 924 59 875 939 792 675 599 796 127 621 932 460 839 550 
584 618 114 179 370 83 136 361 460 854 586 263 804 130 225 213 827 319 93 756 
749 206 202 761 358 158 276 199 278 116 947 248 859 918 833 968 934 268 297 310 
256 219 514 79 218 87 80 209 355 245 268 993 212 90 898 777 984 460 560 90 
887 923 654 193 425 251 584 297 960 96 913 566 999 6 322 121 439 805 464 701 
464 485 116 732 67 140 315 718 134 9 670 8 537 260 468 541 462 188 99 116 
790 940 605 885 69 555 111 545 639 414 509 485 901 645 985 66 319 999 59 877 
102 778 250 94 513 683 545 231 140 910 228 867 970 803 49 128 975 245 196 778 
384 560 59 214 6 278 704 183 613 454 269 409 178 267 953 560 955 924 417 291 
529 52 970 83 385 728 434 794 776 865 294 250 508 222 150 195 511 711 525 623 
670 319 437 894 521 415 135 498 907 763 680 6 560 548 175 120 998 433 90 703 
29 715 16 315 792 212 658 968 557 882 115 830 521 909 495 65 460 771 439 376 
124 837 354 883 678 392 71 510 535 970 366 996 384 806 167 786 304 222 939 2 
819 20 119 528 72 765 574 877 961 354 318 285 283 797 963 7 14 108 527 697 
534 373 43 205 599 855 647 179 816 432 989 516 502 584 116 153 881 857 112 398 
931 57 719 63 372 758 639 21 300 846 66 740 104 119 267 940 957 665 915 562 
315 22 764 723 496 275 615 405 158 687 88 337 862 52 839 440 355 806 946 201 
140 111 277 405 881 381 628 839 343 657 487 715 534 709 796 250 815 1 571 207 
675 921 666 978 199 311 577 606 76 432 264 808 186 790 324 862 853 442 984 642 
840 491 328 186 909 312 729 518 726 109 165 437 22 517 450 331 865 373 42 683 
450 385 61 229 619 205 258 189 223 858 549 64 572 131 346 123 572 218 855 466 
514 620 584 113 937 550 364 826 520 523 885 492 994 99 21 813 474 761 732 12 
548 425 373 861 311 652 192 890 478 417 811 122 406 554 825 192 353 8 332 915 
201 676 335 61 600 188 4 267 628 926 341 712 376 947 326 94 550 491 983 514 
145 721 735 931 254 554 203 399 274 56 991 273 350 862 227 235 168 271 567 267 
740 847 241 126 583 405 235 710 523 491 986 625 183 724 480 160 198 777 419 192 
248 904 87 808 109 226 566 567 893 47 552 338 38 17 806 96 677 33 927 146 
701 745 917 49 317 496 282 477 379 851 445 16 790 158 377 133 698 767 788 320 
429 827 116 68 118 751 213 123 557 45 864 301 629 713 390 423 254 351 594 959 
40 675 964 203 993 413 209 915 295 807 312 257 738 588 656 59 288 478 13 26 
668 260 537 715 785 711 150 112 816 63 618 802 161 774 524 748 85 33 83 919 
962 87 390 614 304 559 574 629 577 602 319 891 182 138 757 177 652 214 812 318 
733 99 248 632 538 192 58 393 526 590 180 164 870 898 187 690 37 865 491 774 
876 7 762 81 55 555 10 586 930 178 90 974 410 703 334 120 320 996 650 165 
408 848 990 366 464 941 915 667 171 740 516 233 510 192 879 239 930 908 43 195 
736 585 180 820 243 599 433 419 302 975 431 747 38 748 270 610 338 820 201 875 
984 398 139 474 641 458 621 899 212 327 116 751 281 293 687 204 603 592 478 791 
792 941 726 849 125 524 561 3 346 554 810 408 38 602 790 942 587 312 886 999 
169 42 657 722 841 475 534 721 439 788 311 240 699 521 210 393 905 310 857 750 
12 436 241 532 353 396 935 408 135 575 518 33 725 312 166 129 204 302 358 41 
836 905 466 616 722 912 431 416 758 93 963 910 42 422 683 980 351 969 268 476 
418 115 402 267 580 173 655 47 463 971 291 399 779 826 858 566 473 118 995 139 
823 693 292 743 874 475 307 212 770 315 143 119 735 223 246 298 313 93 376 721 
821 166 592 686 355 19 890 171 996 910 695 36 162 802 46 462 239 729 694 792 
71 912 270 956 930 328 877 274 113 268 509 754 562 730 713 27 87 504 960 149 
328 405 490 32 505 689 799 198 358 649 119 740 290 499 132 48 775 290 227 799 
600 478 434 502 979 316 579 259 594 846 422 632 936 526 894 210 848 76 393 156 
985 394 563 643 303 264 308 950 907 88 717 101 754 48 539 602 402 536 58 528 
33 287 722 14 16 791 567 424 397 169 466 683 902 502 229 155 729 915 108 931 
305 447 495 399 514 845 980 993 662 201 761 799 512 561 223 286 77 401 202 533 
642 259 421 992 369 553 546 894 189 800 519 746 493 35 668 75 726 257 201 80 
712 660 165 900 50 839 201 417 98 243 18 245 148 942 21 630 796 816 453 978 
719 675 881 575 227 823 985 332 880 336 646 738 86 573 929 755 445 709 891 533 
203 127 324 531 119 398 256 713 797 487 859 65 371 521 581 167 904 208 617 13 
540 790 879 460 235 487 74 936 931 295 291 606 852 178 388 644 207 687 353 909 
503 178 752 681 676 597 417 845 991 642 337 83 696 680 9 993 339 95 651 214 
681 105 236 223 602 583 317 653 792 758 419 72 262 276 535 940 56 307 736 78 
757 376 500 91 438 552 350 173 474 753 145 83 450 912 66 660 216 428 955 96 
109 933 996 379 847 498 189 71 569 191 782 852 908 423 663 887 444 916 211 437 
597 568 143 162 836 470 457 418 162 482 83 642 723 186 415 540 389 904 429 230 
244 781 527 966 10 515 821 556 148 463 156 44 127 401 850 38 609 569 5 76 
517 600 41 215 846 464 888 574 348 217 99 997 412 49 463 470 202 743 171 782 
2 445 94 630 941 599 517 588 494 212 738 374 971 656 840 587 241 395 291 990 
225 90 732 503 439 792 882 680 65 144 197 481 908 970 843 192 185 536 717 433 
375 835 804 373 234 575 517 682 90 231 732 23 582 247 60 850 567 68 540 48 
729 610 221 169 76 818 177 845 745 117 886 871 408 66 199 372 718 184 971 936 
971 153 815 102 706 459 566 81 289 691 89 835 472 392 346 297 647 698 450 34 
8 213 299 899 396 702 375 968 617 40 935 536 977 827 576 822 806 347 935 743 
353 304 837 405 978 47 310 919 289 964 779 866 267 106 80 409 128 873 480 868 
281 971 780 608 128 147 394 107 736 658 426 842 418 751 460 321 25 859 405 726 
590 134 385 362 197 809 938 877 976 417 886 549 266 108 863 274 267 276 596 882 
730 597 20 596 874 613 210 11 371 999 949 177 377 563 127 477 322 646 581 474 
568 41 997 206 902 528 411 132 672 650 839 910 771 704 80 482 299 212 668 583 
587 744 95 77 607 399 688 575 782 396 212 614 555 805 234 67 867 83 485 24 
489 625 552 515 620 895 971 80 866 794 636 859 502 737 345 111 812 334 178 789 
990 528 707 380 455 329 815 185 540 785 128 99 778 798 451 526 75 109 657 554 
259 874 639 664 542 647 263 121 892 757 615 530 36 229 576 95 510 921 609 347 
605 493 465 113 681 323 100 859 299 655 365 236 881 703 209 180 89 590 884 944 
227 351 429 371 63 64 132 205 885 306 76 709 683 395 820 662 817 134 559 620 
720 568 11 250 825 24 719 954 971 170 525 448 540 207 599 299 432 245 630 864 
215 383 93 604 129 793 780 366 773 930 72 448 15 373 152 888 719 166 763 727 
614 526 741 13 508 387 160 230 277 231 191 381 82 307 646 124 475 377 989 869 
346 123 844 768 131 154 640 914 207 446 386 54 216 535 929 570 751 230 246 193 
329 836 590 128 320 420 396 119 429 815 940 255 628 613 261 650 680 618 806 787 
493 613 801 667 284 0 540 437 697 468 300 175 344 5 460 245 534 606 68 684 
644 184 141 279 270 164 688 170 554 235 518 705 868 933 650 355 774 662 475 113 
533 498 718 997 351 761 376 56 576 275 984 340 987 648 115 963 117 148 225 122 
206 6 133 910 417 580 531 449 139 773 441 705 848 394 664 382 897 626 116 501 
281 600 30 125 807 635 299 533 606 818 629 89 671 82 191 527 480 413 534 778 
206 673 955 82 78 794 718 518 306 397 612 112 287 18 992 27 474 316 472 715 
586 777 550 416 921 721 359 961 517 60 569 817 955 285 381 57 571 53 939 466 
102 405 221 4 876 516 852 256 682 48 567 143 512 165 234 741 353 23 898 518 
971 638 590 123 143 429 594 536 995 847 581 645 90 879 130 471 77 826 172 531 
18 427 419 70 747 82 827 316 378 18 355 251 832 525 259 795 877 535 166 300 
361 180 695 228 785 983 800 939 141 712 422 997 55 992 713 420 238 796 375 152 
744 284 911 612 302 783 971 37 561 221 118 969 450 184 149 666 671 528 963 182 
754 34 229 60 491 380 236 317 22 783 792 157 239 810 305 788 354 215 497 286 
679 340 654 723 850 792 595 307 105 791 878 130 254 556 212 852 276 66 313 965 
975 240 988 679 196 87 414 801 799 73 115 841 132 479 169 622 989 734 733 260 
281 408 558 756 254 531 49 543 894 136 27 0 860 682 725 451 730 160 113 870 
3 873 228 474 635 35 372 30 782 472 232 48 614 486 262 800 790 617 687 124 
403 8 567 306 923 592 169 645 61 193 551 62 944 91 943 318 616 932 194 934 
442 801 998 348 817 334 891 210 329 932 514 660 465 358 584 838 662 216 171 976 
882 229 132 991 387 563 90 953 711 965 111 780 29 333 460 331 56 404 296 246 
925 599 789 861 763 647 803 562 378 766 646 920 267 121 427 955 640 582 720 717 
277 203 145 674 923 952 622 89 502 907 25 424 316 206 790 235 301 895 460 616 
618 404 752 218 159 0 800 375 66 935 685 56 389 954 785 94 392 719 464 555 
247 352 44 236 603 470 992 249 620 250 174 965 620 535 572 249 991 160 144 376 
766 698 421 14 211 733 86 626 319 412 599 965 927 990 586 709 462 969 487 91 
827 507 61 94 650 164 125 753 937 51 199 656 25 211 508 650 204 913 137 379 
493 45 917 705 459 891 50 97 560 573 735 318 30 591 390 293 473 966 649 903 
184 117 816 868 332 214 365 496 643 962 361 485 646 69 311 61 782 921 494 994 
294 989 252 565 754 169 549 719 885 377 619 295 656 99 216 224 406 575 686 397 
740 955 128 452 350 384 513 805 13 412 698 942 76 117 466 332 866 822 133 616 
370 41 863 771 589 745 186 959 202 955 226 444 315 961 194 76 777 506 472 164 
658 921 19 919 590 305 269 0 618 570 643 900 771 738 9 465 660 11 218 791 
979 988 981 426 829 63 524 89 850 423 606 454 891 132 908 42 120 925 905 860 
198 80 778 206 733 505 781 597 392 132 758 355 366 536 724 538 909 611 570 775 
22 76 321 272 123 617 234 139 621 149 626 621 211 349 511 4 916 344 631 914 
581 353 103 510 231 858 809 608 183 679 999 25 441 172 267 165 511 755 857 62 
274 694 796 334 908 413 165 465 572 725 699 244 704 894 300 278 849 262 105 121 
424 943 655 549 630 106 978 866 242 439 4 7 483 355 523 556 701 11 49 456 
545 723 333 208 172 390 86 765 713 569 8 216 475 304 951 629 379 796 208 74 
808 232 312 962 356 623 515 58 426 269 206 942 686 654 529 113 445 982 500 304 
508 45 482 730 12 790 267 798 138 853 931 545 117 260 608 587 929 392 337 236 
832 44 833 504 48 186 523 884 232 113 576 467 19 272 691 322 975 861 838 485 
56 914 445 396 182 252 64 165 165 794 831 479 634 7 885 504 83 515 711 820 
895 868 830 882 461 773 672 181 185 176 708 684 801 829 212 526 349 271 741 214 
517 255 242 950 629 600 631 195 971 94 777 813 136 947 547 209 485 759 595 869 
925 820 59 776 312 140 211 963 761 287 795 936 389 620 446 725 427 803 579 469 
11 645 981 788 159 65 842 580 254 813 353 217 823 860 116 437 475 577 893 104 
699 849 837 800 328 374 400 361 658 550 236 674 736 974 823 668 942 476 184 255 
157 320 694 714 644 30 518 103 588 850 440 209 169 144 792 611 716 168 882 166 
677 987 934 302 198 652 108 865 891 837 505 430 982 149 903 886 911 667 122 49 
408 234 959 921 14 497 479 347 827 270 809 183 561 286 446 628 809 667 678 520 
569 155 784 108 620 729 30 761 668 674 279 745 522 374 102 932 262 136 823 205 
210 612 842 952 32 117 776 930 469 432 778 389 533 600 914 55 461 358 913 958 
663 669 727 634 408 776 216 598 70 353 844 589 509 702 967 981 600 194 615 3 
597 621 101 539 305 569 162 569 731 338 850 529 149 329 358 543 468 518 619 996 
129 567 32 526 767 489 326 459 461 201 400 202 46 504 273 158 211 753 564 951 
587 976 903 415 89 465 729 822 755 994 346 650 731 134 698 926 590 791 897 974 
313 439 678 436 676 859 147 299 999 373 438 294 969 596 314 467 759 986 907 97 
321 530 321 979 944 76 452 904 908 334 62 64 58 600 598 142 347 796 416 845 
559 609 889 920 384 947 313 809 52 952 481 653 193 385 932 419 557 235 962 895 
422 697 983 544 827 512 707 746 38 398 914 712 441 376 675 618 757 903 110 990 
506 750 663 710 505 915 687 94 501 543 609 417 943 404 850 295 177 658 594 469 
570 566 423 385 976 639 944 576 724 166 743 469 599 834 792 448 723 188 742 570 
436 606 237 680 413 507 474 731 743 483 118 75 27 446 209 515 385 898 732 293 
233 955 927 379 983 573 528 527 36 105 621 560 535 962 569 562 114 787 226 248 
112 895 132 88 501 356 142 211 86 44 529 15 720 50 825 787 92 806 908 871 
8 509 288 614 128 800 130 297 915 798 136 169 571 481 215 424 60 938 416 964 
453 378 774 433 684 535 651 882 892 775 736 244 274 563 875 807 374 163 715 602 
820 298 519 802 297 406 884 782 331 278 557 226 770 768 701 798 155 14 176 251 
874 596 839 329 103 825 114 760 962 144 16 689 25 50 291 983 496 721 998 160 
199 619 808 554 631 673 954 124 958 219 316 138 123 771 550 364 811 522 554 612 
554 922 263 650 341 826 983 917 219 823 826 768 988 317 316 47 90 482 602 437 
700 107 498 148 522 974 512 863 634 883 701 671 609 311 897 89 885 326 49 376 
935 804 996 372 238 697 711 894 998 727 457 606 320 105 472 812 563 249 714 256 
456 262 600 430 587 161 629 361 781 642 204 27 734 356 415 678 80 25 356 618 
207 243 26 148 581 665 769 479 522 314 383 721 344 137 519 140 604 556 220 232 
17 163 4 938 526 626 951 315 152 747 759 840 450 395 585 193 328 687 961 840 
828 779 572 415 239 782 183 462 345 462 653 24 20 331 293 746 571 867 82 935 
456 946 955 627 778 595 603 626 965 175 108 539 924 80 604 14 505 467 410 375 
541 928 321 543 851 832 403 54 815 794 425 478 61 305 990 303 147 590 396 139 
928 301 406 885 14 919 44 994 578 443 709 460 61 505 551 135 242 517 410 202 
408 332 938 804 562 247 835 481 746 993 839 567 100 406 379 657 78 217 808 527 
534 394 165 496 931 571 17 581 477 350 310 155 361 69 305 669 805 429 54 508 
522 631 961 332 94 644 215 60 9 837 219 57 400 277 332 263 829 171 963 70 
896 615 843 868 502 504 505 349 184 560 387 660 511 789 589 565 122 93 702 193 
706 157 265 548 685 670 79 238 406 53 978 996 702 565 13 130 412 602 583 440 
24 629 598 214 197 567 120 933 860 980 604 316 253 710 207 171 945 987 491 80 
843 980 26 668 804 850 704 416 758 191 534 305 440 495 947 925 249 537 157 914 
832 189 229 154 927 740 33 148 439 319 658 441 759 957 390 849 382 692 304 219 
320 555 747 54 670 553 54 318 117 54 569 702 25 133 661 878 579 458 210 137 
605 846 538 550 70 779 2 545 656 422 185 318 655 393 857 865 828 649 499 28 
960 739 655 574 268 486 17 429 797 285 286 136 669 348 397 115 76 387 499 399 
142 172 303 541 445 157 973 143 559 635 982 140 643 91 788 294 5 574 603 514 
553 968 194 163 844 869 217 314 494 713 421 447 883 642 431 581 608 109 795 373 
99 897 531 745 556 332 571 506 664 984 32 113 164 449 698 919 254 77 257 450 
550 569 211 836 636 844 731 409 564 803 453 93 4 57 846 439 558 431 361 934 
184 591 364 495 793 713 841 64 30 833 352 324 139 326 586 731 677 391 856 581 
427 299 418 284 645 277 747 931 733 963 658 510 491 930 612 31 676 119 188 282 
666 212 676 470 86 989 645 705 210 814 443 198 371 691 356 574 892 931 535 48 
286 546 617 70 771 850 922 990 426 37 638 561 420 978 504 460 429 113 945 256 
750 316 310 512 735 813 543 390 979 454 916 563 940 297 970 274 940 828 827 831 
813 688 588 665 873 751 520 464 691 823 721 765 110 855 582 22 476 981 272 50 
438 682 199 951 75 451 882 277 380 29 820 254 580 59 57 357 460 495 887 961 
332 99 18 628 62 467 512 388 957 633 467 197 699 787 701 672 423 117 989 501 
149 247 231 272 776 828 402 523 987 590 859 160 501 792 79 825 138 514 350 70 
134 323 467 250 204 46 8 91 93 907 950 444 421 616 610 736 79 84 179 261 
64 465 151 755 249 155 237 968 222 425 38 433 323 519 373 727 206 557 573 267 
320 104 426 135 149 947 639 667 636 642 758 137 344 442 207 278 700 928 600 189 
981 869 810 281 713 235 740 30 965 686 457 981 732 361 452 90 148 372 908 908 
995 680 634 737 975 111 823 883 330 163 811 691 980 953 640 208 274 432 5 76 
437 564 990 980 582 170 113 202 269 976 755 176 400 619 641 330 384 131 67 289 
72 495 498 664 983 920 298 741 549 701 851 77 201 667 1 924 825 623 148 137 
171 537 602 138 280 502 407 608 865 562 207 241 545 504 682 390 754 761 942 113 
939 108 603 638 399 287 15 626 537 3 506 964 259 157 427 478 46 790 313 863 
204 577 639 441 689 228 503 779 768 477 463 122 530 378 264 9 441 245 195 561 
882 794 886 342 441 231 140 345 790 311 251 675 286 338 359 237 117 997 220 89 
350 921 400 396 117 195 639 178 83 495 672 270 585 986 581 237 225 771 448 894 
645 28 80 736 850 915 251 640 103 487 701 21 16 66 271 82 296 122 339 487 
979 163 380 268 433 549 954 900 526 133 266 49 982 970 773 298 886 231 863 598 
470 560 647 707 18 762 823 128 584 412 929 299 587 284 449 960 398 807 866 22 
813 217 688 527 277 325 181 645 460 65 239 996 339 674 78 823 376 591 395 754 
535 668 252 497 105 918 469 412 85 406 624 753 722 299 21 204 575 528 269 188 
833 968 167 909 436 321 613 437 941 268 393 389 196 807 601 983 31 917 771 671 
736 908 865 343 785 816 261 618 446 152 432 53 137 213 147 589 20 443 129 33 
358 421 748 981 304 577 68 639 529 581 758 338 38 477 977 309 261 835 764 416 
368 153 227 818 560 269 352 649 839 874 149 31 759 927 720 125 369 446 680 119 
317 691 28 459 416 374 915 407 268 648 702 159 297 734 889 992 393 661 192 84 
593 410 94 370 780 684 225 681 610 793 130 577 789 593 824 150 324 459 563 290 
896 771 590 901 731 980 503 331 65 335 584 795 63 88 303 352 648 474 443 94 
711 487 229 338 526 837 230 990 949 696 783 568 502 528 786 13 260 175 720 199 
964 137 877 777 876 488 933 371 777 660 474 903 500 819 309 158 612 762 865 111 
87 720 464 261 225 507 589 236 887 226 537 888 430 78 657 739 813 902 684 489 
665 509 402 904 974 994 407 713 387 620 151 806 446 296 996 303 327 729 891 117 
913 498 693 386 130 67 689 979 396 61 327 76 420 12 519 670 768 400 223 743 
790 416 131 14 111 4 719 313 458 684 728 189 581 563 705 345 238 82 26 120 
615 658 618 537 592 362 13 196 863 952 440 660 658 528 865 739 85 407 972 711 
695 18 152 775 223 8 817 257 300 808 542 484 873 553 346 388 615 356 648 263 
677 464 303 35 611 42 437 698 868 46 24 820 618 390 231 591 947 406 768 717 
729 714 411 107 295 421 411 129 167 639 20 738 512 137 903 218 77 616 67 247 
425 724 814 13 686 612 74 922 46 504 354 955 448 995 587 993 388 963 520 996 
186 909 861 482 27 386 837 51 667 320 7 540 463 806 819 127 73 801 755 939 
594 764 340 149 991 855 476 163 764 734 733 393 452 804 399 490 67 717 812 428 
155 693 373 752 50 568 970 524 493 743 383 7 605 468 402 609 344 354 536 892 
275 483 623 555 243 399 934 102 763 406 273 71 463 67 873 908 23 558 864 305 
679 268 122 257 595 644 463 441 880 944 845 449 206 518 466 8 129 667 119 931 
391 891 736 377 300 247 527 158 416 955 209 922 666 82 704 430 295 745 264 786 
755 222 301 909 527 691 273 82 803 314 44 76 563 422 380 22 285 611 300 770 
355 292 616 11 372 487 86 408 557 839 304 192 796 422 902 821 453 597 97 695 
157 129 386 542 116 316 57 570 608 229 522 906 76 228 393 504 223 374 942 190 
441 914 908 87 384 726 491 764 865 41 653 17 35 101 358 347 277 816 964 721 
399 800 542 324 517 280 161 901 488 116 533 785 975 749 959 563 780 9 392 998 
993 122 498 37 184 689 826 602 530 679 264 39 935 328 980 420 236 12 284 525 
363 555 184 559 636 141 870 312 425 995 816 896 608 645 467 735 585 1 75 693 
983 188 731 24 92 905 152 733 292 716 125 830 940 649 129 204 483 693 812 889 
350 672 41 685 762 334 501 500 626 881 846 960 801 189 742 127 625 871 455 339 
458 371 600 34 102 96 94 851 329 74 182 172 966 52 174 754 868 128 547 733 
415 253 605 895 899 660 359 242 636 215 971 275 344 741 482 687 246 622 937 712 
136 320 975 916 188 28 987 82 145 992 794 129 68 842 806 247 929 29 530 947 
167 571 929 736 556 232 183 335 520 246 160 264 862 826 804 804 253 499 228 881 
61 338 686 483 652 514 427 468 432 662 834 824 863 649 846 959 818 158 938 119 
296 316 589 310 431 573 768 529 149 132 517 308 420 425 617 991 404 875 42 473 
315 321 532 579 519 660 348 875 308 316 936 291 865 365 446 182 5 685 320 783 
391 693 553 438 811 322 658 624 544 184 333 466 38 290 163 537 357 528 857 449 
552 149 620 543 609 131 197 285 62 38 632 635 417 58 22 204 53 137 299 396 
420 357 618 763 421 750 916 294 171 49 887 603 233 790 867 671 682 172 424 847 
869 683 307 575 77 501 455 465 934 570 992 645 139 406 284 809 213 697 714 382 
446 772 156 904 28 347 168 639 401 467 121 54 118 136 542 304 992 267 976 874 
315 976 367 216 754 960 878 136 873 711 146 397 234 347 10 937 475 783 96 275 
625 20 550 120 502 723 444 73 61 705 934 225 982 807 761 714 413 517 62 387 
581 379 223 951 866 788 367 972 644 383 366 591 488 515 578 81 720 838 633 472 
370 202 947 661 286 565 204 237 360 435 615 766 998 458 390 864 916 842 269 333 
59 695 535 158 528 260 569 988 40 974 58 472 825 522 380 999 996 68 468 366 
775 461 252 605 599 151 251 51 42 793 602 863 842 594 759 110 526 75 526 133 
330 142 499 268 263 941 453 221 414 648 748 993 293 71 851 470 932 368 897 598 
497 749 481 630 999 293 961 769 389 989 615 553 419 931 471 330 456 543 18 139 
111 310 425 625 423 877 479 210 225 446 12 59 813 986 37 919 557 875 289 740 
331 469 47 27 278 553 987 532 936 612 215 212 691 402 262 244 289 891 188 263 
563 920 521 767 33 261 700 965 328 258 516 515 210 703 642 656 352 875 602 967 
202 481 313 500 950 664 168 461 623 286 558 360 45 928 364 663 946 232 401 52 
461 380 966 762 55 527 108 523 187 38 321 376 619 825 666 408 277 195 914 343 
436 288 705 314 643 187 168 125 452 617 280 241 735 989 666 21 862 401 49 48 
973 109 548 361 527 824 103 971 59 928 897 432 886 351 449 976 226 500 401 630 
635 171 77 495 58 491 157 80 219 329 469 724 377 734 781 471 914 306 893 49 
261 131 321 586 519 510 482 622 204 880 956 758 675 90 964 403 411 735 874 463 
745 124 284 834 588 355 67 710 783 163 430 23 357 231 420 970 772 185 696 697 
703 803 381 433 239 18 416 816 933 936 837 838 470 20 922 911 64 80 240 81 
732 455 215 137 513 689 649 348 328 300 327 205 719 129 783 50 349 176 767 83 
164 872 380 704 132 583 707 174 731 347 224 102 795 27 789 121 804 764 122 796 
249 844 851 644 23 157 735 247 606 502 964 143 76 756 416 187 495 72 315 411 
937 645 720 936 873 513 954 413 459 630 43 614 17 915 880 244 410 995 904 555 
89 754 955 216 850 856 0 457 349 875 198 843 556 461 756 314 649 623 836 337 
737 912 81 190 21 807 34 849 991 65 871 697 529 191 408 355 312 775 341 376 
440 277 376 609 642 381 111 730 33 288 589 376 458 513 848 288 640 51 405 398 
55 617 135 422 985 401 687 699 605 382 486 946 5 584 605 114 958 194 181 650 
571 256 819 398 946 163 219 120 952 187 589 655 48 688 661 623 110 956 460 76 
154 152 269 100 808 482 858 641 725 88 844 119 20 147 592 728 566 539 447 601 
39 571 71 529 173 713 205 102 68 76 932 475 45 458 38 890 533 909 585 250 
897 906 405 213 424 894 106 481 192 60 831 337 274 551 765 511 746 633 418 464 
231 718 41 748 289 976 734 360 408 351 535 226 288 381 486 104 234 163 116 974 
575 484 184 490 853 260 324 134 188 252 368 705 290 613 176 186 82 38 600 938 
52 763 112 396 942 716 3 220 111 352 441 210 516 940 965 34 300 197 544 600 
942 493 908 389 442 788 445 793 669 991 849 284 910 94 529 245 813 684 599 845 
355 448 407 753 357 363 915 587 578 837 590 548 908 265 754 64 227 929 868 613 
949 319 901 881 386 666 556 304 707 889 831 447 314 743 649 848 221 763 837 170 
580 90 856 516 802 108 397 909 313 144 482 163 230 68 447 919 731 637 775 985 
51 783 446 574 592 657 563 738 376 545 696 419 702 71 172 308 157 505 745 330 
472 643 657 567 836 560 460 968 991 313 308 453 97 553 657 477 952 539 361 716 
955 616 567 898 908 729 876 952 416 37 3 186 443 535 278 92 44 0 951 770 
176 772 168 8 554 172 28 826 304 151 118 665 561 589 679 875 994 730 126 717 
24 787 391 912 807 401 302 150 393 791 860 831 963 353 32 844 345 795 890 863 
506 435 248 149 574 428 883 9 59 608 4 263 791 593 752 465 336 52 947 641 
215 906 400 116 675 972 623 103 394 491 23 233 723 490 738 997 286 888 808 578 
108 166 988 145 723 305 131 138 594 484 794 762 539 213 935 381 30 18 176 349 
890 968 976 197 598 592 280 556 158 646 682 593 449 791 864 327 119 783 459 565 
888 533 456 101 912 851 148 190 814 949 273 689 332 165 889 341 752 545 814 375 
73 626 300 529 406 33 470 765 376 960 917 775 303 147 39 309 194 681 212 859 
384 187 340 975 948 311 13 206 142 81 368 737 179 719 202 712 110 320 584 576 
416 928 420 76 787 770 117 6 85 315 299 800 448 351 119 348 598 490 680 756 
810 285 794 270 153 946 809 656 327 814 716 220 933 155 117 520 80 455 500 909 
510 980 219 257 906 845 965 747 399 673 671 947 504 543 208 523 805 7 709 70 
227 601 325 100 851 724 899 431 178 156 394 597 328 449 283 90 793 793 353 640 
186 857 678 198 798 117 550 499 526 385 89 870 86 299 471 348 188 240 867 636 
508 799 58 690 775 134 461 598 114 559 873 440 995 718 928 19 70 458 104 923 
597 437 546 628 934 530 197 433 910 978 161 229 827 539 567 833 768 966 533 395 
833 379 120 119 622 723 34 828 181 682 827 702 816 271 979 260 877 641 157 670 
228 184 448 972 939 205 127 325 877 150 248 371 570 522 434 935 720 117 519 639 
527 385 169 529 522 130 49 794 976 932 802 487 18 611 428 535 376 751 253 915 
341 514 178 363 529 263 131 71 620 248 516 470 375 428 599 31 743 867 887 913 
91 312 280 833 213 794 402 776 846 726 100 942 625 565 742 95 1 446 630 184 
822 175 492 383 123 5 137 948 939 398 314 399 682 687 731 575 656 511 334 916 
272 751 594 178 679 556 184 395 343 635 489 360 379 735 36 60 53 634 180 213 
563 414 661 879 289 679 567 974 63 615 147 535 563 821 178 892 794 603 421 579 
231 482 103 387 646 12 135 378 258 182 338 925 34 432 693 884 499 642 576 809 
615 301 813 325 195 220 368 88 446 109 177 643 333 167 540 179 819 265 218 693 
6 405 160 656 661 40 189 923 653 790 658 452 3 974 265 970 171 736 688 80 
863 599 247 903 372 351 284 431 190 547 112 169 620 587 683 3 30 777 682 41 
91 735 257 596 295 430 971 666 281 173 646 251 402 148 572 219 849 772 459 936 
892 846 46 362 569 572 45 633 107 568 448 264 784 127 313 221 423 57 942 641 
63 239 150 314 298 986 547 666 40 28 965 188 768 269 104 547 362 477 755 823 
743 896 946 669 402 963 206 513 24 170 207 91 146 139 667 995 859 578 161 666 
45 922 982 719 158 517 369 10 776 512 906 376 839 70 924 500 923 504 276 438 
309 718 729 227 350 892 11 105 106 891 57 981 20 938 667 595 739 690 877 777 
946 251 388 201 622 526 27 849 576 984 927 792 290 712 553 447 454 598 33 913 
386 351 608 345 216 881 878 303 162 87 961 854 842 817 359 621 336 388 547 927 
677 57 419 74 275 733 450 553 255 301 242 494 535 299 745 896 190 985 972 308 
695 585 49 11 262 350 222 416 233 659 847 124 141 318 892 144 181 457 977 102 
766 573 160 501 678 722 729 839 74 256 681 608 478 355 856 317 792 399 284 231 
678 912 876 835 957 620 967 583 411 255 258 395 348 162 888 377 273 122 563 378 
536 216 777 15 612 330 331 336 940 638 695 949 313 422 349 191 865 413 334 242 
146 932 544 810 168 305 886 230 974 548 52 109 507 295 809 772 676 434 637 361 
232 929 217 975 289 282 614 46 997 174 574 798 548 68 543 624 108 452 902 153 
561 535 744 100 488 216 747 267 266 967 115 610 942 178 600 352 839 240 357 666 
5 676 19 310 199 498 188 761 62 369 700 365 36 197 274 667 787 320 468 720 
483 628 240 759 99 711 415 916 577 940 867 96 756 818 26 966 574 219 283 896 
280 883 765 879 213 523 894 893 408 409 89 560 914 358 545 494 347 35 434 160 
602 537 455 300 40 420 757 779 566 555 759 331 558 118 691 562 511 836 49 256 
803 601 188 183 627 40 73 850 850 763 660 367 558 996 531 194 299 278 434 576 
585 861 476 325 22 271 835 146 615 797 247 822 159 570 186 104 770 375 685 654 
171 985 123 294 458 128 75 110 801 12 811 57 117 606 263 497 146 976 481 860 
88 874 811 317 145 802 256 735 420 39 936 576 140 450 802 104 857 722 780 980 
248 51 462 571 614 706 796 933 384 815 210 299 862 110 42 759 709 660 144 961 
276 644 655 970 687 787 21 33 263 582 385 824 274 293 117 658 374 108 142 515 
265 406 656 404 501 607 551 377 759 92 72 281 126 521 726 226 136 991 88 550 
616 135 527 550 580 856 110 537 363 633 370 856 276 51 545 194 281 646 7 575 
179 751 3 403 751 546 624 666 301 962 639 2 113 306 370 297 954 311 283 492 
528 652 227 808 388 441 335 905 399 242 53 637 852 519 172 924 481 605 233 543 
728 728 878 114 917 715 85 503 440 542 650 903 410 323 606 272 772 197 32 590 
402 269 46 895 23 90 105 176 722 388 230 645 110 997 521 969 400 29 836 618 
825 857 573 823 972 527 246 178 825 657 606 948 231 723 149 705 480 483 940 625 
718 132 155 288 955 46 804 139 919 461 556 383 683 309 938 960 354 447 336 530 
311 331 47 88 0 978 7 519 258 910 435 965 223 632 291 684 603 709 563 597 
172 599 209 754 192 676 140 445 88 597 719 510 985 933 389 925 931 580 183 540 
579 639 921 8 75 421 530 524 98 176 954 530 102 86 918 199 700 252 231 418 
66 14 576 97 117 213 710 343 188 685 954 294 5 554 810 253 181 591 750 54 
683 50 541 887 70 751 232 538 773 936 830 340 957 926 63 406 301 14 636 755 
637 867 91 719 669 307 297 320 594 1 280 413 283 287 264 823 826 710 530 151 
733 300 319 710 444 144 847 323 174 588 357 773 636 552 943 69 295 519 796 14 
245 432 318 244 606 811 480 582 805 438 177 434 826 796 485 796 676 833 828 178 
363 684 20 519 844 896 690 554 118 385 30 234 42 248 356 560 639 59 175 929 
211 60 504 567 389 284 820 83 887 292 51 505 634 288 517 759 545 880 471 331 
200 53 323 521 701 692 86 294 420 553 186 604 736 956 668 994 653 113 384 894 
883 638 336 242 677 502 363 777 704 4 522 532 263 335 271 278 51 473 918 104 
543 355 493 441 113 993 984 102 373 109 429 906 340 683 622 74 153 952 908 664 
636 280 537 689 352 723 774 685 423 571 795 43 485 780 797 166 305 208 713 856 
904 886 311 794 612 654 569 645 914 156 395 840 9 751 733 262 958 685 508 699 
757 149 199 419 834 920 876 143 125 332 338 557 419 591 146 50 481 877 927 943 
180 309 652 318 700 790 860 743 895 138 533 387 313 804 870 52 681 803 303 447 
543 11 464 383 906 732 530 287 582 697 801 284 898 376 171 621 848 977 794 384 
469 28 269 890 464 227 909 138 999 226 219 898 485 511 615 307 256 801 355 429 
239 617 293 168 817 367 388 209 305 811 770 332 997 393 88 235 77 136 279 968 
752 575 698 877 442 124 73 13 139 211 913 374 225 551 255 198 333 752 187 911 
579 305 33 449 787 396 386 314 460 373 929 36 400 48 370 283 203 471 909 129 
421 84 464 384 623 872 186 412 586 221 956 99 283 54 242 937 106 969 511 772 
194 534 31 865 155 192 141 929 827 84 165 595 803 66 908 287 565 767 907 76 
908 180 275 927 963 487 2 546 808 493 875 404 450 568 188 762 444 378 233 242 
790 247 998 567 633 576 217 110 592 321 998 492 110 832 396 674 906 704 964 342 
399 242 34 711 160 615 397 596 1 549 336 290 192 763 627 105 354 434 731 833 
10 786 677 318 957 862 59 245 201 437 533 354 420 894 377 424 304 175 933 364 
580 234 360 358 910 37 176 636 196 340 455 269 825 53 215 311 701 544 804 750 
846 841 905 26 562 371 354 371 287 387 808 556 601 262 4 65 922 24 851 854 
601 610 159 5 1 375 294 363 337 859 563 632 348 929 115 354 503 695 506 485 
320 8 620 785 590 94 639 223 587 201 69 553 789 473 304 886 364 988 982 878 
631 684 748 400 231 72 199 542 661 525 437 329 767 665 794 799 181 613 895 237 
138 52 108 738 118 28 654 795 792 575 476 932 209 630 435 161 828 331 938 354 
193 594 176 532 33 868 529 866 523 127 895 295 677 221 996 726 751 358 118 440 
201 397 388 825 76 373 413 216 726 134 544 729 799 944 893 737 56 178 994 85 
540 176 90 344 87 591 265 215 467 901 874 274 169 202 865 529 492 461 548 400 
617 317 692 169 763 413 713 292 59 146 68 70 52 916 510 28 604 566 253 602 
391 540 784 228 854 801 551 895 676 834 77 429 817 755 850 380 160 451 9 90 
651 158 680 424 702 295 134 647 337 744 919 427 783 384 26 586 347 727 675 153 
178 713 989 812 635 468 783 272 3 952 359 623 734 939 805 310 335 694 854 262 
9 79 953 486 694 619 485 745 324 16 89 233 304 788 790 944 314 318 575 519 
496 823 593 133 407 28 597 341 939 651 858 749 64 392 999 654 873 275 198 205 
678 607 268 389 147 897 77 126 106 523 13 406 579 396 673 746 778 310 820 794 
94 708 430 887 306 718 182 913 517 186 248 113 252 521 729 751 38 587 79 577 
160 960 198 889 287 292 541 746 787 709 599 199 412 444 342 992 236 758 433 673 
579 814 542 449 210 225 459 828 415 982 646 501 479 96 565 60 994 929 392 72 
111 692 690 321 408 927 718 988 161 412 373 588 810 194 166 577 396 389 895 592 
464 22 336 967 811 56 23 411 814 681 853 968 249 241 24 988 255 194 618 80 
485 411 862 972 45 515 426 214 31 159 24 743 126 0 823 722 200 156 911 794 
359 375 10 199 638 677 773 772 261 119 854 752 813 688 231 639 999 531 72 932 
862 419 795 677 229 46 465 995 523 439 426 957 787 735 618 472 832 559 502 525 
694 44 990 71 243 655 837 935 253 720 851 318 893 350 187 334 921 934 192 301 
519 870 867 351 596 989 520 24 941 129 727 115 813 547 54 729 838 347 571 81 
915 452 998 80 809 948 941 638 405 51 442 165 496 173 591 166 192 837 258 409 
608 239 155 961 416 738 434 219 551 297 61 585 828 669 663 399 436 681 597 168 
454 985 346 734 139 551 138 460 673 515 171 810 950 263 855 69 825 172 6 616 
652 861 537 139 814 278 609 926 557 456 654 834 280 468 675 900 450 481 231 695 
147 52 399 949 449 155 934 969 101 158 982 332 776 274 952 947 747 235 208 89 
45 78 636 718 887 448 219 131 380 735 786 657 924 563 729 766 48 879 557 51 
695 818 230 292 575 925 857 940 432 113 600 877 10 254 108 225 838 114 501 345 
890 996 440 23 574 372 231 705 596 393 527 613 269 62 539 555 133 890 573 316 
552 754 717 93 727 317 874 160 635 748 581 303 178 245 901 429 878 131 604 755 
858 859 449 844 417 548 535 830 31 740 531 365 121 660 547 798 48 919 17 101 
376 724 366 539 95 677 4 119 232 340 796 160 711 737 46 764 744 802 903 488 
584 968 909 685 301 345 77 587 665 200 661 549 329 845 78 264 661 154 353 457 
48 459 43 938 350 33 339 777 197 603 960 654 85 329 23 510 137 711 777 40 
367 43 444 532 268 771 96 99 672 477 314 15 209 421 285 504 516 708 348 855 
918 243 412 203 640 509 326 597 953 865 754 306 517 228 943 686 43 386 256 143 
213 613 232 173 225 436 486 307 388 153 171 682 125 767 56 427 703 645 13 767 
249 900 805 981 400 953 773 926 948 63 714 513 615 676 962 702 82 94 850 585 
370 922 839 654 687 945 729 835 621 128 377 750 436 994 732 587 378 964 735 762 
129 644 482 812 450 695 73 344 448 566 829 262 898 828 530 726 968 719 953 686 
583 120 470 703 551 305 668 762 329 290 940 549 846 551 716 940 787 482 20 589 
633 400 323 876 433 955 32 656 356 668 958 720 992 834 327 614 918 179 905 278 
72 822 517 218 617 195 84 966 237 752 820 698 183 609 897 506 65 74 703 902 
774 820 514 494 476 890 928 726 141 326 487 714 836 141 873 414 308 52 126 741 
100 894 216 516 191 859 553 705 17 230 824 981 931 619 667 924 495 531 239 269 
991 437 202 490 184 955 73 750 124 622 454 285 597 967 938 629 349 964 344 207 
914 778 713 202 735 45 524 364 598 170 981 790 570 524 742 323 992 907 308 524 
597 174 296 803 418 720 94 626 413 598 594 936 34 4 926 887 910 487 232 437 
964 434 328 796 824 120 208 504 520 578 764 45 891 430 712 339 553 357 785 399 
138 191 899 719 732 21 858 705 20 355 77 384 77 656 140 764 638 667 538 14 
69 796 349 229 41 508 730 839 726 618 606 376 554 338 632 728 356 724 210 892 
452 271 870 587 685 752 468 987 167 299 289 936 378 972 948 912 452 219 635 918 
515 442 258 672 759 276 387 263 774 11 969 340 755 286 534 554 537 837 149 843 
913 691 466 410 667 271 461 458 864 143 173 537 446 633 745 469 430 695 938 802 
847 951 428 116 581 676 211 415 572 108 418 265 278 7 215 113 68 41 27 950 
745 68 85 118 994 717 750 194 778 857 255 722 810 691 70 554 38 253 792 144 
722 345 616 977 515 923 990 288 698 429 498 738 747 382 439 385 380 720 422 690 
105 748 615 261 604 189 324 177 241 877 273 201 464 864 859 167 860 739 49 123 
416 24 984 449 825 945 528 388 759 799 148 491 453 134 959 606 463 94 409 140 
443 673 354 565 849 612 205 695 404 868 485 495 634 158 582 654 944 618 738 54 
311 565 516 423 27 762 89 34 401 517 826 105 376 740 38 73 473 361 741 85 
105 872 943 72 461 346 658 470 684 860 931 656 432 183 27 379 782 812 723 316 
766 420 755 82 860 977 483 135 220 693 445 532 933 661 561 305 428 745 600 102 
969 635 85 936 62 409 581 251 948 281 23 928 464 712 743 364 403 350 308 6 
703 666 145 978 757 46 209 190 427 447 115 800 386 795 453 738 822 750 533 195 
423 531 451 179 789 972 194 315 472 375 101 183 237 341 742 969 716 919 50 395 
470 919 256 809 533 360 688 113 579 459 120 7 236 24 634 489 792 109 17 299 
760 174 570 256 882 41 216 295 384 460 879 622 602 454 90 685 876 38 176 937 
994 108 985 771 511 451 607 644 317 359 552 936 767 280 759 997 595 411 666 574 
363 130 966 976 42 871 102 824 347 586 891 710 861 644 357 787 212 160 80 339 
993 677 362 622 377 298 504 185 795 511 432 747 618 563 362 119 778 247 832 958 
232 295 556 37 66 976 696 842 806 987 656 847 303 252 68 841 401 255 657 688 
526 408 192 930 409 621 86 350 151 474 298 506 5 249 678 290 165 36 157 286 
282 320 954 398 195 520 633 684 229 819 87 862 792 867 75 167 195 691 472 242 
12 140 667 362 600 484 439 80 224 835 936 849 692 923 764 867 361 412 341 517 
975 962 556 673 302 420 399 254 334 721 563 214 453 536 989 896 546 324 554 843 
113 186 854 993 920 49 201 811 702 181 934 846 739 672 29 426 107 646 376 755 
372 931 267 174 238 283 836 442 970 973 290 120 227 357 690 872 386 141 717 529 
757 327 429 45 775 929 558 767 171 78 601 34 266 13 28 639 268 136 125 122 
163 931 517 242 426 23 354 883 509 50 484 986 379 805 169 220 109 674 539 803 
130 15 991 998 547 68 194 564 450 764 716 101 232 19 734 477 651 821 447 606 
166 87 498 833 74 412 723 528 675 982 145 731 629 727 566 637 821 266 848 