962 172 272 820 131 232 357 768 34 891 864 939 262 671 891 828 44 198 942 671 
551 800 737 490 471 196 712 743 600 362 135 605 795 147 388 891 321 150 821 579 
924 440 870 6 120 967 957 401 590 267 9 204 634 786 428 411 442 670 561 427 
159 765 704 234 24 364 975 27 809 385 899 669 259 68 516 152 893 648 470 187 
48 396 459 884 360 641 966 189 582 112 699 71 74 458 427 30 878 930 43 977 
742 34 275 92 507 305 220 836 567 110 795 198 187 860 938 812 757 810 734 693 
405 814 763 376 693 597 107 229 65 977 629 656 340 696 738 563 98 997 243 310 
524 549 463 822 150 384 977 567 533 969 333 519 564 548 491 1 765 252 932 667 
380 22 690 796 951 637 524 133 938 906 294 891 848 824 839 790 796 42 964 658 
428 242 346 391 783 942 328 223 349 600 395 3 557 803 612 530 564 798 300 375 
577 438 911 614 406 92 174 404 448 855 303 872 567 504 535 761 753 529 471 461 
241 856 884 651 6 910 704 605 342 30 799 310 585 404 412 284 73 180 417 498 
503 356 629 877 281 191 64 529 647 639 146 183 622 318 218 877 860 105 723 426 
953 50 32 676 710 328 663 440 968 661 764 261 245 84 220 446 471 141 818 554 
886 974 767 274 215 983 26 726 258 738 839 372 178 446 747 190 14 559 534 183 
580 387 73 778 469 299 567 38 660 580 264 346 575 665 537 889 616 511 839 186 
414 388 57 351 940 693 990 312 123 563 540 268 107 241 103 675 852 493 386 122 
828 560 0 539 505 660 355 665 429 873 550 285 146 116 550 576 915 820 602 294 
714 330 444 539 552 652 232 21 239 654 145 221 715 431 315 387 215 307 51 469 
979 418 826 547 83 484 904 626 43 135 150 36 223 119 652 393 911 912 489 844 
728 331 192 627 589 451 799 964 452 851 852 561 181 430 592 448 333 538 293 330 
193 305 764 222 374 742 382 97 21 369 421 803 331 558 307 841 375 912 368 515 
229 534 481 186 935 528 59 864 523 904 792 691 560 95 408 911 290 307 624 215 
357 666 672 528 206 717 6 451 372 884 977 684 502 322 496 275 678 381 584 351 
611 260 732 170 332 397 551 173 128 602 589 648 499 559 999 342 379 771 694 611 
617 513 359 67 394 410 244 697 805 608 131 712 55 105 151 418 978 198 420 114 
180 775 353 128 972 782 750 488 759 436 509 615 16 715 493 4 215 170 472 39 
552 238 279 865 172 603 564 183 205 863 852 548 18 7 464 329 266 129 968 972 
654 213 896 243 423 312 511 859 551 126 802 217 859 707 880 876 94 255 894 333 
193 404 187 165 237 237 213 737 595 4 722 132 555 864 347 722 2 194 875 612 
159 66 957 100 875 875 979 415 960 703 787 330 850 992 756 346 707 829 990 180 
827 781 815 485 916 354 922 416 11 461 627 458 338 243 637 307 203 361 84 204 
311 433 606 759 637 776 307 663 766 643 942 117 276 558 556 948 947 936 2 306 
944 71 795 723 990 539 726 787 847 418 278 112 823 175 819 506 117 160 373 536 
115 987 721 784 612 203 205 731 117 637 813 771 76 449 352 313 621 248 436 807 
28 65 349 23 892 871 589 558 374 331 390 529 525 33 131 962 854 441 460 271 
446 253 672 351 131 442 317 954 36 53 971 132 157 651 574 453 690 509 234 928 
212 198 649 334 18 170 672 190 79 108 944 124 777 388 280 755 546 756 591 200 
47 270 887 149 798 252 981 62 404 219 885 859 164 684 539 970 380 648 524 961 
978 568 235 893 91 463 911 66 844 92 353 640 258 55 732 54 323 327 341 629 
79 846 242 372 873 26 247 747 96 633 131 486 771 592 497 128 625 304 611 329 
189 182 64 878 296 757 510 820 89 753 811 504 991 771 549 870 920 76 234 956 
210 544 633 129 622 345 719 304 252 949 686 683 770 397 976 238 414 642 241 218 
235 446 2 698 272 204 826 85 979 310 407 624 709 745 434 543 999 647 537 480 
979 953 966 341 357 382 132 68 760 124 401 444 949 490 831 622 126 151 85 366 
944 843 939 596 439 177 27 59 115 821 914 470 520 391 541 354 36 844 753 60 
442 838 882 631 835 448 77 362 996 431 226 556 194 208 433 77 882 146 598 658 
381 992 518 252 569 430 569 814 715 724 234 169 431 204 57 126 858 404 145 416 
511 17 549 203 734 616 214 149 475 898 304 671 354 851 603 255 280 519 780 366 
268 170 939 497 149 618 952 734 909 964 295 21 899 191 610 544 223 504 134 409 
142 987 861 230 45 876 818 307 849 279 828 37 693 298 777 470 942 68 884 354 
968 794 482 717 364 966 917 519 465 268 795 925 358 363 561 988 834 124 297 28 
130 955 156 680 793 351 936 398 359 15 145 823 408 778 206 436 285 915 379 970 
568 296 596 957 32 213 905 581 933 322 372 430 645 86 943 786 213 942 867 803 
35 6 852 576 184 954 24 950 547 721 310 712 432 583 235 708 376 502 303 771 
394 392 742 309 335 36 579 911 356 858 247 650 896 780 903 905 820 460 772 839 
58 796 67 234 206 478 284 192 130 512 864 396 542 403 100 253 884 513 315 180 
962 80 663 352 376 759 288 463 633 684 45 819 326 208 830 230 70 192 397 604 
242 857 673 764 188 726 386 386 720 945 635 988 963 532 928 791 496 906 313 709 
449 904 151 477 819 969 772 872 930 666 47 443 731 531 20 374 513 367 18 319 
62 16 566 436 827 929 230 651 900 442 831 720 514 874 559 835 972 860 263 26 
800 200 680 922 178 564 783 446 135 279 595 954 884 243 706 71 127 364 611 762 
911 465 279 67 776 678 465 255 390 683 820 699 843 917 740 822 339 7 340 601 
316 733 23 837 620 764 482 601 410 801 126 575 151 893 171 930 397 65 80 887 
341 580 496 108 287 406 46 97 626 928 585 162 123 603 362 558 386 529 426 623 
777 140 73 590 758 601 305 282 559 743 761 45 797 954 541 291 825 359 59 416 
178 452 344 909 137 950 401 807 116 229 502 316 335 192 968 338 345 416 876 78 
1 516 911 534 713 569 689 580 59 811 598 911 97 37 23 751 233 641 752 237 
380 204 274 157 80 41 544 425 683 896 487 747 264 27 247 206 910 613 590 10 
907 496 636 746 913 457 121 195 87 257 274 708 136 875 538 245 880 909 365 477 
994 21 544 276 910 49 316 809 488 411 170 17 637 847 248 773 463 235 265 94 
519 578 963 608 265 900 146 944 123 582 698 43 152 545 121 245 97 970 435 723 
899 29 599 949 212 311 399 427 574 503 13 187 854 871 928 453 286 221 942 899 
118 280 188 624 146 570 872 811 829 529 231 984 851 369 427 923 332 170 420 826 
932 433 792 919 415 301 421 742 906 768 538 65 564 921 486 14 28 242 520 929 
908 867 549 251 459 794 384 791 553 748 788 805 515 141 573 293 798 80 957 137 
984 467 498 895 722 515 332 658 425 607 573 996 876 595 425 250 344 356 236 100 
143 362 835 751 512 759 858 873 223 19 605 201 109 738 530 704 946 970 948 664 
183 772 794 855 696 998 550 23 326 859 418 278 91 288 700 141 511 684 554 600 
15 843 896 281 573 271 215 305 626 676 575 659 744 629 317 38 965 256 624 904 
305 755 773 106 496 610 91 996 163 583 297 861 105 12 611 902 611 975 499 484 
6 594 228 129 17 431 497 78 37 93 252 127 388 49 859 539 875 307 821 374 
777 100 203 789 722 713 889 405 285 655 787 736 664 923 748 533 981 84 482 179 
622 448 854 849 317 159 215 157 902 464 982 104 381 391 804 235 100 663 863 336 
85 617 683 718 222 185 910 850 482 194 284 775 124 574 937 883 78 371 501 93 
311 773 993 478 11 932 80 307 733 18 560 684 536 907 328 564 347 665 179 782 
114 819 915 864 785 506 33 423 468 720 785 527 817 45 546 420 935 991 378 306 
880 389 793 789 354 760 908 30 59 95 98 739 778 149 323 754 955 313 996 889 
898 762 270 941 425 133 887 806 228 77 656 571 26 197 853 111 710 204 540 431 
675 270 637 366 662 259 504 528 909 255 899 311 334 710 362 557 594 97 153 943 
512 864 678 10 653 550 841 198 465 716 85 779 822 923 688 851 258 10 486 454 
555 943 308 44 698 518 464 507 728 188 430 517 573 174 590 204 447 867 321 565 
335 258 329 999 504 338 592 302 161 676 473 289 530 894 667 444 3 399 524 130 
47 491 786 858 743 242 925 653 36 793 144 850 788 68 110 454 886 886 625 379 
184 607 637 636 693 136 771 2 77 102 18 846 76 449 256 740 388 448 271 360 
694 35 194 855 580 541 854 37 770 996 694 934 619 781 126 739 848 617 833 900 
587 446 270 612 346 923 357 269 270 581 848 393 187 255 764 354 610 865 839 679 
970 223 883 851 574 876 536 795 624 148 89 20 370 627 508 359 829 189 413 234 
147 739 980 245 494 878 146 373 68 868 203 536 738 996 909 62 517 991 616 288 
871 373 69 623 126 889 776 204 993 595 354 440 884 112 63 759 452 263 559 517 
4 202 456 373 604 39 72 946 779 291 64 140 931 458 588 594 939 317 359 286 
531 624 931 729 400 814 374 859 575 836 184 847 494 152 385 377 990 836 119 149 
141 786 157 61 64 557 384 343 517 121 467 249 950 617 738 818 234 251 131 662 
21 474 584 197 360 72 625 936 163 646 71 817 447 553 299 775 744 250 429 475 
791 515 905 482 542 841 715 54 533 114 643 755 562 621 644 468 860 48 470 327 
912 617 379 868 764 37 327 725 425 759 600 274 351 950 181 812 736 629 763 43 
382 272 467 439 752 48 487 943 967 291 91 234 216 819 864 488 634 321 867 147 
510 582 301 191 175 790 891 796 247 753 230 900 833 759 589 189 413 784 854 932 
21 349 355 716 151 702 393 74 99 657 860 966 908 811 751 864 555 151 72 220 
23 680 647 500 337 125 278 745 652 256 924 86 74 114 948 305 33 967 467 294 
884 313 487 465 278 572 98 128 729 597 654 19 100 256 914 937 124 652 659 760 
257 493 598 393 449 638 841 421 274 857 657 640 945 805 606 729 320 75 267 210 
819 709 946 411 731 666 973 853 436 50 950 957 225 539 999 200 104 990 422 581 
759 265 712 756 573 914 199 265 350 860 742 276 366 913 329 32 535 245 105 990 
958 18 437 797 951 629 364 560 497 325 159 317 115 915 52 253 230 546 316 229 
973 709 198 440 758 431 45 591 276 739 420 662 750 576 746 3 23 232 393 254 
672 54 200 608 507 650 168 601 814 107 443 650 39 919 496 843 543 186 83 395 
607 416 866 634 831 681 507 356 678 144 633 540 35 415 525 82 434 803 400 315 
778 584 366 11 3 377 391 194 404 478 152 520 843 514 110 150 350 191 426 587 
630 505 976 71 92 596 202 839 884 426 41 54 621 141 403 797 554 629 496 71 
203 31 982 147 540 699 85 894 791 776 581 188 798 574 891 811 952 615 251 877 
605 434 759 320 877 910 373 139 954 752 718 239 902 41 843 591 270 416 450 54 
430 927 831 788 335 555 470 892 267 893 92 245 377 785 221 331 588 160 559 553 
518 174 894 126 338 9 153 41 198 172 482 721 535 856 19 270 215 166 452 182 
857 443 417 517 405 800 983 580 815 901 791 132 514 690 139 775 930 106 238 692 
391 300 657 157 389 855 911 222 824 377 825 605 909 396 998 520 4 237 114 919 
986 579 264 175 35 737 618 40 52 552 125 756 45 140 234 165 837 776 838 185 
993 88 995 300 509 748 159 787 115 444 842 80 680 789 598 223 923 206 511 820 
818 303 961 702 389 271 721 204 299 143 436 115 203 425 523 297 963 735 424 921 
164 665 50 435 559 839 116 751 736 870 397 374 945 859 408 661 554 762 451 911 
771 625 868 590 68 270 208 374 940 593 461 734 589 383 575 76 369 989 528 227 
294 885 656 92 732 88 773 534 72 648 515 483 1 81 364 521 807 19 963 849 
403 134 683 599 170 163 460 79 451 771 13 464 968 775 525 384 705 355 179 908 
635 655 334 98 72 83 775 661 872 670 99 620 766 707 380 455 429 641 366 367 
265 398 823 570 82 327 464 871 82 182 648 564 296 385 880 745 389 955 561 336 
636 377 345 68 783 139 629 611 628 28 936 778 878 8 994 843 416 82 180 213 
964 407 223 905 170 50 124 676 68 933 38 85 574 168 276 101 779 490 898 974 
282 457 375 834 15 191 346 977 342 323 429 62 179 921 292 679 821 319 847 23 
857 549 50 49 402 833 238 403 149 660 736 133 331 724 351 596 768 638 523 144 
713 15 361 830 715 256 139 755 965 868 372 990 335 488 609 95 228 550 619 242 
787 989 33 35 132 0 499 181 333 945 505 91 676 594 577 817 407 760 392 0 
855 181 664 668 883 904 607 164 137 459 224 254 119 825 779 588 632 634 439 575 
778 84 864 830 596 0 563 99 748 910 463 34 166 757 182 615 337 979 608 171 
900 213 88 362 734 29 864 973 483 637 224 887 762 316 140 574 899 28 475 535 
470 212 955 102 383 793 82 697 5 932 136 776 713 464 56 564 676 443 549 337 
450 23 930 609 290 531 369 374 327 642 420 187 489 952 698 223 276 285 250 872 
667 863 859 304 877 392 332 551 901 361 463 628 823 529 456 537 894 335 323 602 
219 944 35 553 328 525 335 746 939 420 672 62 46 57 733 230 627 224 719 198 
716 138 73 683 712 146 174 299 314 795 846 375 740 872 436 111 553 263 23 898 
151 803 872 432 211 628 115 527 671 629 558 78 662 26 750 986 873 76 249 594 
258 155 423 745 789 918 409 727 622 90 148 92 413 445 167 355 446 654 295 222 
341 211 164 116 615 933 732 91 708 92 285 876 361 699 672 18 74 688 745 78 
220 890 675 987 200 463 272 713 403 273 6 56 818 525 317 98 219 920 189 21 
983 37 813 907 116 575 78 384 647 56 446 944 542 244 472 603 996 429 904 366 
21 811 52 519 249 552 143 925 710 157 959 313 885 69 646 765 407 588 165 479 
953 179 732 449 762 411 191 249 141 18 27 896 729 407 502 882 534 687 203 881 
715 682 341 109 859 749 123 604 774 724 386 370 99 748 576 477 562 258 484 328 
103 132 868 858 524 650 302 946 542 783 120 530 631 610 298 781 436 68 577 629 
708 229 751 557 641 152 374 552 683 271 140 485 383 252 567 560 103 734 329 797 
804 412 863 395 846 793 860 699 484 772 339 772 902 242 49 909 535 179 449 374 
297 262 945 627 561 281 777 405 817 553 932 279 292 938 631 802 668 643 918 854 
567 978 966 925 176 39 693 501 546 272 213 875 335 513 600 62 663 253 838 223 
140 381 665 515 914 700 521 610 916 285 932 247 257 633 301 588 134 193 445 802 
637 388 527 634 59 405 949 739 343 477 369 288 317 368 750 405 499 358 668 110 
219 745 738 796 911 70 813 661 427 570 431 519 356 754 587 408 223 103 837 189 
244 724 919 390 704 269 973 866 554 54 762 356 805 309 851 65 156 949 122 60 
693 128 541 456 316 768 660 482 784 962 650 281 178 431 955 51 345 112 300 45 
699 726 271 518 630 204 525 496 29 697 686 477 982 909 901 426 904 200 535 610 
497 834 714 266 30 138 97 980 772 150 869 690 634 491 224 105 962 674 819 80 
693 695 96 443 571 119 193 296 796 950 447 957 168 963 719 932 226 400 583 381 
684 641 478 30 132 992 625 785 932 163 849 914 936 195 682 876 728 937 639 39 
996 703 33 215 791 369 79 980 941 110 134 546 94 263 489 565 212 754 325 250 
137 291 515 860 602 744 289 698 392 352 538 842 85 71 336 716 771 176 596 869 
504 600 421 847 462 531 948 609 583 637 584 688 93 703 349 34 727 699 168 538 
760 254 221 237 642 754 137 432 424 21 300 596 849 729 806 527 535 849 178 568 
79 740 959 759 556 889 955 495 924 72 155 432 652 977 406 813 471 483 872 855 
922 162 889 164 979 406 37 784 887 629 695 846 314 20 598 955 233 239 458 23 
988 986 567 728 264 963 656 589 57 983 391 285 580 325 641 114 186 923 583 589 
912 275 438 782 267 57 512 687 178 876 892 791 812 766 248 646 816 826 303 922 
875 601 205 829 699 185 38 800 226 3 663 969 303 407 373 396 791 462 946 649 
105 964 254 122 998 464 817 966 823 425 238 535 825 183 204 869 579 994 214 381 
592 91 762 161 856 726 927 285 57 512 735 603 395 987 900 92 248 3 831 684 
674 500 939 504 519 442 576 343 664 741 244 250 407 407 596 738 398 635 872 788 
733 179 708 339 779 422 954 978 798 428 437 76 181 864 769 242 914 233 614 280 
877 964 476 541 756 354 264 494 183 450 396 366 63 90 764 571 358 567 900 839 
922 639 648 210 324 551 684 433 461 182 946 613 311 589 601 610 633 937 394 18 
29 311 190 374 716 482 364 952 601 180 647 600 386 583 755 329 82 239 992 559 
476 942 255 344 163 171 761 804 348 120 935 370 469 382 860 160 367 783 47 158 
910 96 773 616 473 361 363 687 701 98 329 626 28 332 650 374 386 458 503 351 
176 714 939 34 122 459 289 377 404 540 530 417 753 175 603 332 203 473 860 670 
799 438 227 46 983 93 646 659 587 422 255 880 114 396 881 389 706 515 553 684 
719 630 721 541 136 293 350 238 837 698 912 771 268 134 10 846 579 421 559 859 
752 603 61 930 365 9 326 809 159 240 680 430 565 105 255 454 389 318 136 517 
154 529 998 922 850 623 986 806 500 168 867 617 687 405 645 873 797 886 589 513 
998 288 786 482 257 80 712 984 661 119 855 571 374 993 8 375 899 611 447 915 
124 937 211 443 882 337 571 826 614 215 987 400 251 862 748 36 239 448 409 630 
316 202 141 356 318 271 242 302 5 888 133 640 993 268 846 164 381 34 323 489 
461 480 379 108 745 894 968 353 884 501 998 470 790 813 480 844 684 55 369 587 
626 736 744 97 143 943 197 391 902 468 409 513 93 724 706 223 910 629 683 340 
171 858 218 274 302 235 426 96 742 941 529 98 822 433 28 403 136 612 95 42 
127 515 217 798 722 816 763 78 108 141 937 66 48 364 233 360 969 552 889 244 
264 844 757 743 287 718 454 794 842 496 6 679 965 891 135 668 280 367 675 405 
840 268 814 414 207 102 232 466 587 337 783 306 388 465 794 949 239 459 456 280 
144 926 174 675 684 392 703 328 60 655 661 680 421 172 862 908 709 693 75 901 
56 128 970 104 440 943 323 338 979 293 791 499 398 379 292 618 64 615 101 142 
569 65 630 699 937 155 366 441 205 453 221 477 68 379 29 354 391 915 133 168 
823 806 295 375 937 523 955 296 852 626 429 600 171 268 994 474 134 916 456 928 
587 962 987 950 954 428 627 971 854 889 819 572 63 996 341 863 36 49 304 745 
573 119 379 116 831 610 436 249 905 172 73 998 252 31 672 68 631 113 66 95 
424 357 114 323 590 266 275 103 619 170 911 649 711 809 292 390 400 576 368 76 
694 37 582 366 306 713 905 659 463 589 893 675 681 650 829 975 729 460 390 524 
850 546 275 676 654 964 954 713 954 25 987 382 729 397 361 948 747 539 617 622 
814 844 48 178 597 476 113 197 84 566 523 665 462 284 200 589 774 885 138 145 
321 418 497 525 421 38 408 661 819 394 645 131 631 891 246 161 120 129 745 937 
299 620 996 403 898 613 612 522 154 918 473 627 178 471 973 203 111 198 781 549 
101 138 848 268 607 420 909 611 943 555 506 903 74 339 735 557 154 328 136 317 
159 21 217 666 352 627 60 157 107 152 838 6 316 399 503 879 130 901 608 444 
205 287 527 106 908 429 366 307 363 27 114 220 945 740 207 851 215 891 713 912 
533 344 421 926 39 116 974 670 700 489 3 889 383 568 773 552 46 688 311 162 
312 888 446 801 924 265 704 753 748 603 593 262 120 971 432 345 295 365 248 950 
193 788 482 965 464 59 856 396 980 887 692 453 413 707 511 769 651 839 630 897 
58 983 335 868 106 915 113 658 778 824 809 139 700 610 161 389 548 444 219 249 
82 686 995 257 903 185 858 184 595 891 735 61 93 970 584 70 125 806 718 285 
123 511 374 913 50 583 420 908 847 542 714 252 387 633 895 785 136 758 682 682 
753 823 661 228 161 424 87 328 157 351 722 663 158 231 203 604 607 984 559 671 
109 582 546 642 284 652 131 609 230 278 244 627 846 576 294 223 179 735 777 829 
768 793 288 275 392 995 35 160 103 135 342 544 275 256 367 789 393 156 797 782 
332 700 20 159 897 795 308 124 542 321 97 203 913 483 174 717 580 328 659 489 
509 498 549 286 132 583 812 34 718 996 832 715 591 861 732 761 796 875 533 823 
262 10 204 84 171 726 583 450 662 370 878 419 831 380 176 26 37 96 118 933 
103 152 287 901 514 557 587 303 420 564 740 883 784 552 750 158 251 647 167 878 
779 508 632 153 879 873 996 426 984 295 768 114 15 852 168 279 673 527 267 779 
397 922 780 452 119 348 906 515 84 91 161 579 525 291 927 825 433 877 355 146 
155 15 815 381 467 316 670 205 280 336 544 475 243 521 507 95 255 389 380 840 
620 413 187 704 826 851 332 653 443 885 338 741 754 773 990 241 135 452 645 364 
740 99 247 177 82 430 684 807 180 989 785 98 317 376 368 326 638 679 414 258 
679 259 573 359 319 613 730 220 207 824 353 336 496 757 892 682 213 732 387 192 
939 433 477 915 452 699 932 563 83 324 839 412 307 37 48 213 688 746 102 352 
262 349 678 51 616 418 322 75 617 110 747 159 359 77 915 360 957 879 315 187 
607 550 539 351 904 590 168 370 72 881 239 411 106 894 616 907 729 613 366 758 
66 930 778 791 884 348 87 413 68 33 505 32 429 896 375 343 701 554 223 154 
139 749 320 15 277 143 651 468 230 796 795 967 115 659 595 445 358 619 806 477 
324 830 186 521 442 463 902 592 149 285 51 626 566 324 526 178 348 252 291 769 
659 800 653 924 706 734 370 300 154 566 660 942 267 256 770 431 281 854 365 454 
523 987 862 854 828 824 317 270 418 289 292 270 180 680 242 984 881 301 387 801 
435 288 948 595 779 845 637 904 670 475 16 805 572 593 853 784 577 877 848 128 
285 59 890 760 46 22 467 151 989 222 66 311 398 902 923 511 592 840 559 288 
757 800 66 144 668 330 637 502 906 712 419 100 159 356 185 146 108 583 799 812 
186 539 907 826 69 907 900 504 32 413 628 801 962 1 799 429 471 857 448 28 
785 853 947 710 61 610 109 904 610 998 639 837 771 266 178 623 438 140 140 912 
213 825 664 402 466 491 556 822 688 92 644 261 452 144 764 153 170 600 858 823 
84 920 602 76 238 878 803 945 956 965 895 436 540 222 647 980 24 762 509 881 
516 655 859 357 967 388 905 99 740 730 540 995 823 529 610 694 629 588 122 348 
908 474 223 720 657 906 462 189 849 962 845 600 303 244 699 713 716 206 671 391 
373 100 64 398 158 412 843 792 892 158 499 549 505 94 219 216 344 471 367 713 
96 710 929 8 597 584 959 676 393 857 25 352 162 2 352 847 614 934 106 316 
321 17 730 280 607 502 165 912 813 307 79 514 841 539 332 269 882 168 266 755 
673 690 859 868 191 809 505 815 217 507 498 215 391 746 315 536 354 941 993 636 
171 81 395 775 72 92 602 867 585 47 258 17 553 149 803 597 600 987 120 172 
685 54 104 821 689 972 291 705 479 200 676 224 599 638 253 265 281 782 793 470 
479 128 522 930 204 757 58 672 664 158 127 369 61 492 96 177 892 291 444 511 
992 235 618 616 917 124 754 654 17 669 610 410 592 985 726 99 726 608 103 473 
732 221 275 307 694 993 981 953 644 539 571 7 36 858 686 703 328 881 911 602 
867 37 260 954 87 646 865 87 123 343 396 532 232 340 481 421 146 152 676 704 
444 496 708 621 452 480 780 571 870 503 110 136 924 249 385 436 378 9 753 27 
823 777 189 445 832 776 227 852 799 758 296 553 889 831 628 660 102 105 857 542 
961 836 261 468 678 542 349 170 611 840 105 890 479 704 887 872 672 91 135 19 
17 111 85 578 288 994 253 168 509 787 81 45 958 323 126 739 991 967 789 346 
967 197 445 24 198 521 725 65 859 859 279 334 610 182 528 125 738 543 821 237 
877 680 671 453 696 584 439 256 194 753 92 998 586 630 145 354 817 407 188 539 
758 682 865 730 984 496 357 431 294 353 830 320 739 509 456 496 853 928 162 15 
212 112 279 731 936 454 521 955 603 295 392 164 525 366 519 266 502 976 983 245 
711 484 37 997 449 685 303 731 887 453 589 549 872 983 850 566 516 257 641 184 
944 885 316 150 972 698 535 147 793 924 531 433 560 420 127 855 598 133 441 450 
451 909 106 574 234 171 104 601 315 436 669 292 876 740 652 591 918 955 972 632 
907 829 940 840 118 310 534 10 331 825 289 640 325 547 927 556 814 304 77 160 
289 953 273 427 723 953 981 881 688 91 817 245 306 634 911 662 909 396 304 91 
62 852 12 227 689 562 303 141 9 186 175 329 538 374 625 346 322 776 195 521 
334 711 956 231 346 693 848 478 136 228 336 269 498 491 582 822 162 297 589 381 
878 900 247 519 281 637 817 340 612 356 729 43 412 132 600 9 405 243 66 158 
13 521 665 108 827 226 969 812 957 721 151 823 833 322 315 878 163 644 757 174 
630 370 636 779 78 813 416 880 241 56 297 529 30 855 897 645 749 820 684 795 
430 223 928 631 574 850 199 857 188 526 593 515 626 646 743 53 87 998 826 319 
905 759 442 938 424 210 667 451 13 518 9 453 689 792 620 986 578 238 142 862 
224 600 561 336 126 867 23 269 820 907 753 931 778 589 984 511 934 94 90 171 
630 11 828 431 842 495 591 515 296 658 237 687 67 836 66 328 166 198 215 719 
505 192 433 694 870 509 360 50 814 864 708 336 357 57 986 6 596 655 556 935 
853 404 839 297 552 16 478 807 412 467 660 118 874 706 30 703 539 60 158 896 
610 226 228 471 556 154 47 44 372 623 881 681 747 214 249 432 932 566 114 538 
638 677 977 848 498 716 12 711 413 982 101 173 831 290 78 658 681 874 54 414 
542 288 489 85 704 772 270 737 3 508 506 676 847 81 603 695 431 841 983 124 
246 807 570 821 753 203 981 512 263 663 116 88 998 199 16 24 287 843 387 310 
737 197 515 97 219 874 341 657 467 847 275 330 828 930 960 260 924 929 751 138 
155 2 100 581 791 73 58 53 309 335 820 595 74 341 255 342 711 101 900 408 
955 633 644 692 514 707 579 766 867 616 231 327 112 394 450 259 46 304 715 705 
244 284 604 822 977 185 276 742 358 998 908 201 690 252 782 22 164 328 625 847 
963 805 921 912 162 937 172 861 111 10 583 63 146 669 87 114 131 779 676 110 
460 321 560 64 246 66 229 877 767 947 43 498 104 522 401 827 653 204 283 486 
462 938 578 595 379 79 210 467 604 129 645 329 246 281 284 609 497 233 45 572 
998 713 0 517 246 925 379 331 510 351 278 268 903 852 433 802 273 558 201 508 
967 718 881 732 766 467 965 792 768 83 642 671 173 757 593 522 665 473 947 701 
520 885 271 849 277 436 854 359 74 725 295 995 514 206 382 434 850 554 959 689 
639 662 376 547 9 260 757 447 292 354 405 140 535 547 42 90 717 375 710 303 
209 417 688 458 799 805 870 231 950 116 373 167 721 741 835 820 436 298 942 494 
756 628 53 461 759 844 12 987 755 136 933 725 979 725 697 758 467 399 183 272 
620 922 251 984 283 764 56 460 396 298 336 748 965 492 383 155 541 533 976 520 
619 802 447 437 794 151 910 379 402 8 707 48 138 643 207 367 953 328 729 778 
445 41 688 605 523 204 703 698 900 922 315 957 744 259 57 92 964 24 898 37 
567 517 720 532 691 217 418 615 271 811 171 63 873 915 673 21 505 322 866 911 
320 359 665 846 527 550 821 509 549 991 162 736 528 449 129 559 228 905 970 765 
265 747 507 529 646 363 856 64 124 761 554 773 814 599 653 407 532 760 928 925 
295 294 985 560 599 896 57 5 656 846 963 749 930 139 203 795 903 590 377 338 
824 813 956 761 769 358 859 908 699 771 167 631 704 882 932 193 569 550 598 43 
867 533 17 268 32 999 712 18 577 456 175 711 545 882 772 598 901 634 248 608 
136 436 188 647 467 374 550 63 329 887 755 652 649 18 326 268 805 723 983 89 
631 684 167 267 658 340 663 104 638 21 192 113 598 624 669 138 92 144 420 157 
853 399 684 565 590 273 393 82 389 499 962 493 301 799 380 617 553 231 439 276 
833 748 302 809 274 786 260 748 848 497 890 873 431 739 405 409 351 173 724 169 
350 204 271 105 775 541 746 622 632 616 641 717 625 650 38 365 904 350 551 87 
242 32 82 885 724 262 290 228 983 154 83 519 34 32 272 353 466 193 727 231 
220 410 562 584 858 324 366 145 132 816 0 201 934 199 427 350 552 963 374 371 
139 678 251 655 430 749 19 506 256 800 660 78 401 641 836 288 185 110 407 258 
562 957 293 310 553 579 567 721 718 928 207 233 638 771 975 652 286 246 538 79 
624 701 767 504 114 833 5 785 425 195 280 58 917 255 368 753 278 719 682 352 
356 336 760 483 612 734 604 60 598 255 587 669 155 382 228 681 132 694 991 88 
966 368 34 582 850 932 703 566 513 976 489 672 468 352 229 844 137 162 982 529 
657 428 801 607 407 565 95 453 347 820 976 768 12 945 428 137 741 190 548 570 
918 90 224 789 883 386 602 544 33 244 8 56 709 921 127 985 455 566 394 992 
475 168 410 630 336 361 744 585 665 291 141 832 994 592 786 714 757 708 116 84 
489 616 479 766 684 531 139 264 727 374 828 870 240 245 723 205 469 869 202 313 
300 271 93 237 319 303 812 917 653 737 69 723 164 249 110 173 674 797 272 839 
940 209 79 483 861 846 109 401 991 657 367 956 176 172 232 91 700 123 17 305 
192 373 938 826 991 436 897 234 837 67 409 139 720 699 591 2 487 441 310 455 
75 328 730 816 338 703 329 937 794 39 878 777 554 548 495 684 988 269 438 465 
607 361 748 199 410 943 201 385 2 338 289 571 364 551 872 367 462 757 206 225 
935 248 6 155 439 402 520 901 537 863 102 717 70 603 132 192 475 434 232 794 
58 739 433 495 462 602 165 62 151 225 274 87 910 490 734 545 531 795 985 386 
370 263 416 804 395 301 837 656 697 863 209 378 74 697 12 321 53 260 220 929 
403 342 441 439 579 792 97 864 417 684 607 479 201 664 397 889 549 651 531 926 
855 659 512 38 240 897 613 109 38 530 233 925 764 498 103 822 627 23 44 261 
478 592 388 926 900 448 644 783 783 330 218 195 57 722 576 264 574 686 560 846 
4 784 313 508 847 385 680 632 977 667 82 634 358 890 829 941 126 937 375 492 
436 469 710 549 347 168 758 789 897 348 945 936 843 601 112 138 775 741 352 567 
401 239 40 356 869 176 719 864 435 727 90 826 601 968 843 168 770 568 909 9 
788 455 875 912 871 274 977 645 914 92 339 642 439 448 393 607 831 806 348 794 
576 871 562 326 90 231 517 63 713 87 970 48 397 571 820 433 93 302 337 160 
954 592 269 50 976 938 578 390 527 526 905 295 64 445 602 620 82 350 720 774 
597 872 864 413 830 389 447 159 968 723 731 519 748 55 610 845 959 552 279 815 
618 213 699 12 655 973 575 17 671 306 488 890 304 936 355 294 804 159 744 855 
509 146 316 693 500 436 374 287 776 519 531 869 260 112 444 948 578 882 869 295 
27 77 497 510 904 403 729 982 522 911 283 365 750 210 943 631 941 555 237 122 
240 634 690 403 624 882 850 772 235 57 759 282 171 901 591 550 352 780 612 696 
518 960 228 283 441 85 9 722 277 224 339 773 818 71 609 503 276 335 559 431 
152 885 401 784 475 253 182 991 5 360 272 946 962 558 263 96 753 768 541 832 
814 368 796 681 178 183 636 931 522 739 633 385 797 996 809 12 894 217 698 301 
650 699 226 470 347 429 840 541 971 414 856 158 901 734 837 404 868 889 990 444 
639 162 146 855 996 839 432 481 105 101 552 466 51 592 797 129 285 905 588 912 
442 45 525 0 309 653 0 202 125 855 20 590 535 681 624 444 531 77 124 765 
609 213 450 853 12 876 398 967 28 487 573 692 210 774 505 754 684 211 130 438 
352 446 961 77 397 330 998 908 965 528 665 778 87 886 285 351 602 795 113 388 
699 761 656 846 967 696 856 480 156 587 799 188 193 538 98 925 615 867 991 228 
711 445 130 374 850 938 253 374 896 192 353 748 8 397 417 673 574 765 45 278 
306 162 748 472 517 734 18 778 31 919 625 600 628 519 940 835 949 407 663 789 
938 144 410 299 669 30 396 610 953 338 900 295 178 962 755 880 991 159 326 168 
586 410 311 787 560 523 634 974 603 528 621 329 868 487 785 309 902 152 502 484 
263 474 258 545 935 112 362 109 275 704 689 179 291 264 661 857 703 205 273 299 
953 281 413 605 859 896 114 533 937 24 265 475 377 242 795 55 335 809 131 429 
101 278 344 246 16 438 535 462 853 872 29 78 186 951 993 470 570 272 816 921 
104 880 842 532 357 974 498 420 724 872 819 291 786 789 454 47 883 766 448 503 
359 122 992 11 740 724 287 631 877 971 991 555 128 742 694 842 822 577 604 989 
267 713 31 396 349 720 704 888 425 366 630 448 320 308 881 670 945 830 305 92 
601 228 797 480 357 997 711 650 120 617 948 670 752 880 313 139 882 924 98 191 
830 681 28 628 773 53 898 730 638 303 493 538 25 488 11 285 539 528 322 295 
240 279 671 443 750 666 615 44 45 637 566 750 221 435 726 839 305 415 847 621 
311 829 581 852 249 739 88 988 245 789 508 725 272 762 672 553 290 937 828 228 
827 135 803 754 164 992 848 29 600 878 221 777 424 843 335 47 685 880 37 914 
729 712 975 401 623 356 548 273 713 203 819 959 487 725 419 103 605 452 278 715 
342 600 904 852 484 782 29 494 610 156 801 51 889 803 953 23 118 545 518 434 
388 674 778 487 398 379 275 185 341 731 924 469 711 447 371 232 49 56 469 229 
875 434 861 747 321 788 604 833 51 399 763 623 978 380 988 275 378 999 838 84 
623 802 686 614 112 727 266 218 913 710 162 545 844 271 992 6 311 189 190 805 
993 432 878 204 549 517 452 652 41 19 712 523 993 732 376 290 492 62 659 454 
393 973 424 485 194 103 76 895 181 292 906 455 132 304 796 852 995 199 472 64 
390 595 86 260 789 477 286 838 784 350 911 960 388 432 658 926 824 350 285 836 
313 564 339 834 272 805 121 421 790 919 659 42 22 541 460 490 408 473 117 493 
46 827 516 348 351 347 30 79 986 759 576 831 37 697 31 506 522 905 448 969 
810 234 793 983 228 427 997 296 718 796 143 107 676 571 670 302 463 346 663 709 
44 367 889 174 901 648 945 996 885 48 173 549 901 859 693 138 700 145 750 947 
331 899 505 125 22 144 512 114 174 257 473 938 115 529 907 667 183 219 972 219 
246 975 749 845 681 701 357 704 898 989 98 752 626 320 567 990 654 286 463 427 
16 325 232 957 618 386 338 747 101 184 238 795 847 666 132 637 219 302 220 588 
907 537 878 409 448 441 270 995 402 690 927 39 371 745 80 719 949 638 347 587 
172 538 266 233 334 933 565 529 351 562 94 922 10 305 22 219 385 393 736 431 
149 688 34 960 497 512 45 310 657 513 98 445 208 53 764 752 62 75 372 965 
881 763 711 551 51 203 828 730 721 68 930 775 987 804 351 372 823 128 11 726 
608 46 970 541 805 373 736 277 84 425 566 229 60 999 403 558 218 913 399 650 
195 582 625 654 729 329 544 61 665 852 678 594 32 738 72 993 422 830 578 715 
867 715 279 309 302 296 94 180 964 271 513 199 805 187 247 184 474 468 737 936 
979 929 226 150 477 280 719 860 584 84 725 463 759 444 10 744 593 516 964 404 
292 218 502 668 225 48 561 514 354 745 591 433 8 713 547 391 937 477 380 554 
575 612 879 788 708 905 884 764 609 934 481 250 886 206 331 887 684 703 820 735 
462 331 470 884 669 10 181 464 34 957 178 118 831 129 75 494 671 797 240 331 
644 778 457 443 495 719 612 666 345 750 338 875 360 343 281 245 310 422 356 309 
876 539 398 166 235 454 149 818 923 781 771 75 60 804 529 58 434 656 532 323 
86 856 9 35 542 760 700 784 487 859 140 891 377 212 123 628 481 721 122 139 
468 749 345 366 214 881 899 324 715 478 127 292 653 401 532 955 300 555 716 312 
187 940 401 438 695 188 358 573 19 670 604 445 534 737 836 393 126 92 748 228 
406 565 595 778 643 453 766 597 652 92 77 195 184 429 584 624 281 974 282 430 
854 175 552 501 334 556 75 976 392 776 184 446 376 280 113 482 380 849 85 648 
692 903 890 491 888 107 363 600 347 583 508 441 869 442 154 767 503 123 720 431 
903 979 340 79 692 900 767 950 611 831 971 725 927 215 368 934 872 424 751 767 
306 107 600 955 278 793 822 725 101 97 383 178 569 16 954 426 94 116 697 11 
237 93 918 162 746 617 2 686 355 138 24 411 209 21 945 56 731 354 392 262 
701 219 445 989 672 380 623 316 787 181 626 772 375 614 441 203 176 528 365 824 
191 76 579 23 220 154 467 491 497 920 948 499 626 421 814 683 457 297 664 544 
765 275 919 703 802 902 928 522 877 937 284 472 742 754 186 120 551 846 947 722 
468 719 615 930 40 411 621 282 423 516 159 571 875 90 788 39 637 145 846 598 
613 168 868 490 685 904 307 169 391 68 573 376 119 715 395 471 428 256 566 972 
719 378 865 383 342 709 363 215 387 60 713 264 12 800 32 226 408 498 320 599 
743 273 876 880 8 41 389 44 272 328 254 55 894 70 891 211 284 520 939 277 
695 185 492 126 511 678 933 172 146 908 999 973 980 721 604 336 977 787 282 40 
186 489 65 109 222 508 103 864 448 129 294 307 302 342 867 932 233 662 959 276 
256 395 250 895 952 71 91 434 31 815 812 460 886 557 130 675 323 232 147 764 
982 370 80 895 508 646 706 780 55 468 273 158 223 322 919 730 97 864 978 451 
325 680 209 838 910 97 790 453 483 167 481 3 330 664 646 211 92 53 173 133 
900 419 807 797 504 981 984 105 410 208 376 344 345 466 435 842 136 248 800 423 
368 675 255 496 209 6 324 236 444 279 848 480 220 711 974 663 826 864 283 417 
992 706 254 675 973 737 992 347 255 335 77 893 47 610 680 767 950 129 693 78 
790 64 255 563 819 702 418 198 248 951 922 45 349 707 923 425 398 970 402 501 
119 2 136 59 868 598 479 61 797 229 421 253 935 237 526 562 397 818 782 735 
325 614 163 993 975 158 745 262 488 767 495 660 869 420 126 733 467 141 882 309 
755 453 265 117 562 936 121 296 495 271 574 838 54 962 457 2 738 825 340 765 
126 670 609 854 572 306 147 991 47 3 348 260 683 86 277 682 581 527 20 105 
156 915 991 128 719 558 248 140 376 181 569 876 22 322 654 876 888 432 569 804 
197 186 489 757 1 124 836 511 442 133 931 273 233 136 597 239 355 45 411 993 
687 729 107 702 290 135 256 972 470 593 295 370 809 967 412 404 50 82 355 538 
94 454 434 6 336 546 203 911 64 925 384 679 698 799 215 142 343 945 837 977 
401 354 7 123 55 327 515 510 648 493 917 901 613 206 605 721 447 823 606 270 
160 346 818 522 125 500 113 817 609 572 536 216 5 207 605 620 3 212 217 62 
609 633 423 526 523 842 297 72 986 576 985 471 416 806 517 493 693 83 532 572 
315 333 229 748 822 731 102 585 288 612 962 208 153 697 76 607 443 596 232 166 
595 324 345 894 675 6 421 660 917 986 524 985 50 439 767 73 713 875 46 878 
891 626 122 193 330 802 673 597 314 410 127 272 984 5 617 758 79 71 998 763 
753 290 870 293 274 941 828 892 185 66 592 335 504 67 557 261 594 432 49 340 
708 287 91 377 420 136 270 229 198 324 444 152 766 274 910 836 663 917 743 209 
274 262 865 880 650 225 447 14 132 118 49 0 477 767 510 710 395 161 468 349 
541 217 346 364 455 612 87 802 277 378 308 10 336 656 260 397 919 170 948 635 
589 753 932 661 560 134 941 505 298 139 846 355 208 274 103 557 512 725 638 795 
631 593 151 773 408 911 445 986 721 800 768 13 552 301 839 255 707 608 653 993 
380 987 264 227 323 299 92 686 773 488 566 867 947 188 76 950 701 517 658 218 
221 489 511 98 593 677 934 753 352 698 168 551 661 756 159 969 673 80 958 828 
155 970 4 557 170 681 799 984 204 623 468 891 959 536 645 342 852 494 828 265 
835 943 172 682 610 652 998 369 903 62 409 146 101 943 803 103 307 418 772 607 
63 985 722 719 474 393 478 355 989 452 869 466 298 930 595 35 221 253 395 303 
785 216 305 629 383 770 976 355 929 949 399 664 244 278 293 420 628 408 686 248 
217 466 62 695 968 1 475 888 412 67 967 999 43 642 26 487 989 368 198 111 
695 933 396 454 446 227 260 12 919 506 513 350 571 333 851 853 720 703 102 932 
515 587 568 309 88 552 184 791 12 189 386 613 298 238 727 886 706 923 889 524 
672 865 747 403 40 424 239 441 215 457 482 844 956 377 258 644 478 574 799 463 
399 980 463 762 174 693 36 811 667 315 392 736 51 539 665 171 747 384 15 101 
528 265 25 763 653 369 880 754 575 776 820 107 43 570 554 34 935 556 527 689 
13 239 854 84 883 587 989 105 584 41 830 774 657 45 721 382 273 190 559 273 
824 27 33 663 154 427 239 569 216 1 468 493 444 915 270 788 189 277 876 753 
251 79 865 240 404 831 837 816 693 236 922 822 748 129 43 960 682 538 657 379 
950 15 199 362 53 746 357 844 53 213 27 720 152 981 51 159 494 309 633 973 
324 945 822 174 393 816 639 26 422 124 380 204 997 962 709 725 834 472 879 239 
847 584 4 385 828 216 993 134 587 682 720 410 154 399 558 499 601 939 799 591 
467 613 61 488 609 566 528 465 418 35 391 91 855 224 276 528 522 859 574 403 
943 107 784 682 731 435 303 562 977 982 225 189 347 96 104 226 902 199 141 850 
110 85 98 594 952 563 800 586 415 107 543 841 397 170 188 186 323 136 252 935 
741 478 559 256 812 866 40 472 47 298 193 397 36 915 587 954 279 380 634 234 
341 356 503 707 155 117 704 437 431 827 994 46 728 925 78 771 354 967 986 540 
641 81 486 717 15 272 566 773 560 687 568 661 642 562 699 359 203 342 368 247 
306 808 124 10 600 81 891 666 663 770 873 860 736 50 673 895 291 409 889 368 
287 536 532 630 386 480 615 695 938 227 920 397 585 770 783 945 879 100 489 602 
897 88 689 298 936 376 623 30 821 906 869 655 791 187 564 530 311 650 438 816 
243 479 556 978 335 534 863 822 34 180 755 918 459 789 976 483 676 887 938 422 
831 78 897 494 422 261 907 339 727 614 916 526 259 518 967 459 344 592 823 636 
92 332 495 123 650 60 791 419 753 595 512 388 112 514 38 777 718 953 420 160 
253 518 78 397 943 132 215 11 400 83 547 176 3 488 247 220 777 882 589 926 
795 593 819 195 809 194 475 156 340 770 373 954 221 311 416 865 88 174 608 150 
291 524 865 455 9 37 89 501 484 274 388 432 574 475 897 280 16 89 801 811 
939 446 832 688 980 268 213 350 557 951 820 457 798 671 978 851 403 557 16 179 
655 682 80 293 966 263 172 694 568 588 751 433 193 16 667 547 501 810 337 56 
313 586 896 848 332 783 340 401 773 62 143 906 14 964 982 465 102 200 866 537 
461 511 263 380 776 429 457 153 836 653 546 90 903 429 616 517 530 25 139 853 
570 251 828 116 414 876 753 239 819 218 246 214 3 597 957 686 685 207 350 93 
933 304 529 322 868 851 40 958 714 617 282 627 344 328 378 687 818 567 270 853 
297 649 563 208 527 531 382 717 76 404 14 260 357 80 125 90 532 617 292 479 
962 714 998 375 881 17 925 175 919 505 329 101 940 233 143 556 132 789 718 915 
632 366 124 753 847 633 503 472 778 937 296 907 38 857 578 316 314 898 465 831 
503 366 373 68 967 855 981 837 639 22 368 301 342 867 766 289 304 534 822 398 
692 745 977 94 168 682 387 8 839 536 650 163 752 817 630 567 616 925 73 400 
626 379 544 551 139 622 959 119 554 428 611 513 108 59 889 197 750 848 12 942 
987 741 931 367 46 206 569 800 329 665 846 456 683 840 91 637 960 468 99 567 
843 647 37 701 919 701 669 867 3 48 738 633 91 167 978 81 123 91 538 276 
447 102 450 465 445 840 709 403 740 407 230 318 806 930 22 942 529 378 434 164 
387 766 400 430 19 681 330 650 389 722 60 647 125 784 184 800 29 488 9 885 
386 188 172 967 112 258 2 136 525 894 770 141 323 525 27 514 103 831 383 488 
455 376 92 853 921 619 156 472 14 787 268 327 701 400 129 791 347 306 606 775 
