694 39 975 130 977 124 691 805 610 722 904 443 226 699 461 644 65 574 975 
328 851 114 995 936 124 801 895 991 924 788 274 925 894 856 92 25 370 669 
64 335 618 903 423 197 506 3 790 718 497 608 991 706 212 695 565 290 561 
976 424 723 128 994 81 551 46 463 712 474 459 98 721 215 932 110 157 280 
467 452 540 732 114 912 111 448 974 329 748 829 224 483 516 569 343 483 542 
917 113 702 206 490 969 982 200 465 146 714 502 118 569 761 978 512 792 155 
637 40 407 836 757 811 773 294 501 565 637 970 934 284 228 914 811 318 22 
478 995 976 624 177 672 629 840 807 28 519 312 973 827 404 978 141 291 552 
805 677 784 595 446 619 396 39 338 159 379 825 815 493 949 921 83 645 565 
263 924 113 878 940 390 451 390 66 795 168 506 505 596 340 48 840 310 11 
892 116 320 585 410 527 297 480 138 376 894 868 306 306 73 356 341 932 141 
654 625 670 446 143 839 578 253 559 283 862 449 389 835 93 601 116 4 420 
790 641 95 208 598 0 395 33 651 986 196 995 378 997 994 514 158 952 804 
815 693 890 515 755 299 886 251 294 586 60 612 317 683 119 511 998 742 894 
820 9 158 98 640 829 448 595 451 155 417 711 231 483 671 200 645 162 16 
489 506 813 127 205 599 228 5 660 470 53 619 114 488 284 782 533 195 509 
556 100 153 782 10 111 652 411 400 471 341 823 52 154 436 227 979 778 65 
959 414 604 385 627 217 432 804 808 399 2 603 327 273 643 224 429 69 564 
717 843 515 561 806 534 867 678 275 903 938 489 13 449 676 835 938 57 955 
276 84 31 693 674 467 177 828 902 115 142 838 707 944 78 277 507 542 739 
377 232 189 979 89 948 433 565 65 342 87 878 806 322 708 839 964 955 768 
893 48 103 695 28 953 239 128 745 417 266 47 835 170 661 869 700 436 657 
183 706 739 856 884 492 733 613 351 83 224 976 541 328 858 971 152 388 691 
53 922 151 276 264 94 288 291 384 864 326 998 130 740 785 741 750 187 168 
628 475 475 976 110 798 774 197 301 967 922 848 966 416 545 509 642 474 830 
456 790 173 680 28 236 940 100 151 786 603 314 957 752 135 778 32 600 968 
823 601 470 757 25 333 7 316 65 519 62 108 693 638 368 257 27 539 401 
83 370 889 112 436 164 817 485 660 857 40 499 155 229 320 681 634 240 224 
354 510 646 729 28 778 317 126 446 335 772 854 754 835 452 818 618 260 582 
469 934 87 939 117 668 954 275 893 889 50 821 404 787 505 773 646 761 983 
203 716 10 700 688 266 466 768 940 758 371 591 771 656 984 732 822 602 365 
177 429 845 482 376 562 853 862 234 793 458 384 9 27 397 377 267 618 747 
630 846 63 545 1 986 255 588 14 528 420 523 51 797 287 676 369 618 3 
719 80 844 790 99 55 147 297 499 672 825 78 437 9 960 8 143 855 240 
174 790 765 245 338 660 299 73 46 885 146 531 286 398 675 419 664 83 199 
144 528 676 89 321 280 467 896 324 709 860 697 206 13 625 113 504 348 585 
807 506 477 357 800 382 781 335 84 636 652 287 398 462 541 99 306 999 645 
666 358 596 592 69 467 215 254 786 693 204 717 431 181 859 80 239 960 489 
605 180 864 290 405 90 856 751 684 484 189 55 920 357 704 390 678 84 336 
343 48 5 789 151 138 856 455 248 388 73 213 446 922 971 521 818 695 865 
104 664 641 875 656 383 13 337 410 748 643 31 70 819 812 669 14 452 816 
986 203 766 612 765 83 306 648 71 621 519 495 296 171 717 999 12 605 408 
209 946 839 3 170 977 32 454 432 535 307 702 264 136 515 464 164 223 968 
578 299 76 446 589 272 58 868 186 460 108 282 152 206 779 19 199 89 462 
202 389 687 823 729 651 497 974 621 227 688 188 133 928 718 190 233 617 366 
908 840 411 802 909 249 842 602 921 211 652 682 131 432 323 749 760 812 701 
526 416 900 946 21 848 681 417 230 562 203 902 581 130 786 836 846 821 88 
395 377 280 827 542 434 162 526 781 846 567 167 138 178 843 955 641 550 119 
918 320 447 386 383 521 98 575 95 697 819 255 762 638 285 203 494 305 117 
273 392 621 879 296 951 892 178 977 792 181 799 876 584 891 204 620 416 157 
